{"producer":{"name":"Blender","version":"2.79 (sub 0)","exporter_version":"5.6.3","file":"Vincent.babylon"},
"autoClear":true,"clearColor":[0.0509,0.0509,0.0509],"ambientColor":[0,0,0],"gravity":[0,-9.81,0],
"materials":[{"name":"Vincent.Vincent-material","id":"Vincent.Vincent-material","ambient":[1,1,1],"diffuse":[1,1,1],"specular":[0.05,0.05,0.05],"emissive":[0,0,0],"specularPower":8,"alpha":1,"backFaceCulling":true,"checkReadyOnlyOnce":false,"maxSimultaneousLights":4, 
"diffuseTexture":{"name":"Vincent_texture_image.jpg","level":1,"hasAlpha":1,"coordinatesMode":0,"uOffset":0,"vOffset":0,"uScale":1,"vScale":1,"uAng":0,"vAng":0,"wAng":0,"wrapU":1,"wrapV":1,"coordinatesIndex":0}}],
"multiMaterials":[],
"skeletons":[{"name":"Armature","id":0,"dimensionsAtRest":[1.9436,1.7096,0.2811],"bones":[
{"name":"hip","index":0,"matrix":[1,0,0,0,0,-0.9614,0.2753,0,0,0.2753,0.9614,0,0.0028,1.1073,-0.0272,1],"rest":[1,0,0,0,0,-0.9614,0.2753,0,0,0.2753,0.9614,0,0.0028,1.1073,-0.0272,1],"parentBoneIndex":-1,"length":0.1107
,"animation":{"dataType":3,"framePerSecond":30,"keys":[
{"frame":1,"values":[0.994,-0.0543,-0.0947,0,-0.0327,-0.9758,0.216,0,0.1041,0.2116,0.9718,0,0.0146,1.1036,-0.0423,1]},
{"frame":17,"values":[0.994,-0.0543,-0.0947,0,-0.0327,-0.9758,0.216,0,0.1041,0.2116,0.9718,0,0.0146,1.1036,-0.0423,1]},
{"frame":30,"values":[0.994,-0.0543,-0.0947,0,-0.0327,-0.9758,0.216,0,0.1041,0.2116,0.9718,0,0.0146,1.1036,-0.0423,1]},
{"frame":31,"values":[0.994,-0.0544,-0.0948,0,-0.0328,-0.9757,0.2165,0,0.1043,0.2121,0.9717,0,0.0147,1.1037,-0.0424,1]},
{"frame":32,"values":[0.9939,-0.0546,-0.0955,0,-0.0328,-0.9757,0.2168,0,0.105,0.2124,0.9715,0,0.0148,1.1037,-0.0425,1]},
{"frame":33,"values":[0.9938,-0.0549,-0.097,0,-0.0327,-0.9756,0.217,0,0.1065,0.2125,0.9713,0,0.0149,1.1038,-0.0426,1]},
{"frame":34,"values":[0.9936,-0.0551,-0.0987,0,-0.0326,-0.9756,0.2173,0,0.1082,0.2127,0.9711,0,0.015,1.1038,-0.0427,1]},
{"frame":35,"values":[0.9934,-0.0556,-0.1004,0,-0.0326,-0.9755,0.2175,0,0.11,0.2128,0.9709,0,0.0152,1.1039,-0.0427,1]},
{"frame":36,"values":[0.9932,-0.056,-0.1021,0,-0.0326,-0.9754,0.2181,0,0.1118,0.2133,0.9706,0,0.0154,1.1039,-0.0427,1]},
{"frame":37,"values":[0.993,-0.0564,-0.1035,0,-0.0326,-0.9753,0.2186,0,0.1133,0.2137,0.9703,0,0.0156,1.1039,-0.0427,1]},
{"frame":38,"values":[0.9929,-0.057,-0.1048,0,-0.0329,-0.9752,0.219,0,0.1147,0.214,0.9701,0,0.0157,1.1039,-0.0426,1]},
{"frame":39,"values":[0.9928,-0.0576,-0.1055,0,-0.0332,-0.975,0.2198,0,0.1155,0.2147,0.9698,0,0.0159,1.1038,-0.0425,1]},
{"frame":40,"values":[0.9927,-0.0582,-0.106,0,-0.0336,-0.9748,0.2205,0,0.1162,0.2154,0.9696,0,0.016,1.1038,-0.0425,1]},
{"frame":41,"values":[0.9926,-0.0586,-0.1063,0,-0.0339,-0.9746,0.2213,0,0.1166,0.2161,0.9694,0,0.0161,1.1038,-0.0425,1]},
{"frame":42,"values":[0.9925,-0.059,-0.1068,0,-0.034,-0.9744,0.2223,0,0.1171,0.2171,0.9691,0,0.0161,1.1038,-0.0426,1]},
{"frame":43,"values":[0.9925,-0.0591,-0.1075,0,-0.0339,-0.9743,0.2229,0,0.1179,0.2175,0.9689,0,0.0162,1.1039,-0.0427,1]},
{"frame":44,"values":[0.9925,-0.0587,-0.1077,0,-0.0334,-0.9743,0.2228,0,0.118,0.2175,0.9689,0,0.0162,1.1038,-0.0428,1]},
{"frame":45,"values":[0.9925,-0.0583,-0.1077,0,-0.0331,-0.9744,0.2223,0,0.1179,0.2171,0.969,0,0.0162,1.1038,-0.0429,1]},
{"frame":46,"values":[0.9925,-0.058,-0.1081,0,-0.0328,-0.9746,0.2214,0,0.1182,0.2162,0.9692,0,0.0161,1.1038,-0.0431,1]},
{"frame":47,"values":[0.9924,-0.0577,-0.1082,0,-0.0327,-0.9749,0.2204,0,0.1182,0.2152,0.9694,0,0.0161,1.1038,-0.0432,1]},
{"frame":48,"values":[0.9925,-0.0573,-0.1079,0,-0.0325,-0.9751,0.2194,0,0.1178,0.2142,0.9697,0,0.016,1.1038,-0.0431,1]},
{"frame":49,"values":[0.9927,-0.0567,-0.1066,0,-0.0323,-0.9754,0.2182,0,0.1163,0.2132,0.9701,0,0.0159,1.1038,-0.043,1]},
{"frame":50,"values":[0.9929,-0.0558,-0.1047,0,-0.0319,-0.9756,0.2173,0,0.1143,0.2125,0.9705,0,0.0159,1.1038,-0.0429,1]},
{"frame":51,"values":[0.9932,-0.0551,-0.1021,0,-0.0319,-0.9757,0.2167,0,0.1116,0.212,0.9709,0,0.0158,1.1037,-0.0427,1]},
{"frame":52,"values":[0.9935,-0.0545,-0.0995,0,-0.0319,-0.9759,0.2161,0,0.1089,0.2115,0.9713,0,0.0156,1.1036,-0.0425,1]},
{"frame":53,"values":[0.9938,-0.0539,-0.0975,0,-0.0318,-0.976,0.2155,0,0.1068,0.2111,0.9716,0,0.0153,1.1035,-0.0423,1]},
{"frame":54,"values":[0.9939,-0.0534,-0.0963,0,-0.0316,-0.9761,0.2152,0,0.1054,0.2108,0.9718,0,0.015,1.1035,-0.0422,1]},
{"frame":55,"values":[0.994,-0.0532,-0.0956,0,-0.0315,-0.9761,0.2152,0,0.1047,0.2109,0.9719,0,0.0146,1.1035,-0.0421,1]},
{"frame":56,"values":[0.994,-0.053,-0.0955,0,-0.0313,-0.976,0.2156,0,0.1046,0.2114,0.9718,0,0.0144,1.1035,-0.0421,1]},
{"frame":57,"values":[0.9939,-0.0528,-0.0963,0,-0.0309,-0.9759,0.2161,0,0.1054,0.2118,0.9716,0,0.0142,1.1035,-0.0422,1]},
{"frame":58,"values":[0.9939,-0.0526,-0.0973,0,-0.0304,-0.9758,0.2164,0,0.1064,0.2121,0.9714,0,0.0141,1.1036,-0.0422,1]},
{"frame":59,"values":[0.9938,-0.0525,-0.0984,0,-0.0301,-0.9758,0.2167,0,0.1074,0.2124,0.9713,0,0.0141,1.1036,-0.0422,1]},
{"frame":60,"values":[0.9936,-0.0525,-0.0997,0,-0.0298,-0.9757,0.217,0,0.1086,0.2126,0.9711,0,0.0142,1.1036,-0.0423,1]},
{"frame":61,"values":[0.9935,-0.0525,-0.1009,0,-0.0295,-0.9757,0.2172,0,0.1099,0.2128,0.9709,0,0.0143,1.1037,-0.0422,1]},
{"frame":62,"values":[0.9934,-0.0528,-0.102,0,-0.0295,-0.9756,0.2175,0,0.111,0.213,0.9707,0,0.0145,1.1037,-0.0422,1]},
{"frame":63,"values":[0.9933,-0.0532,-0.1029,0,-0.0297,-0.9756,0.2175,0,0.1119,0.213,0.9706,0,0.0148,1.1037,-0.0421,1]},
{"frame":64,"values":[0.9932,-0.0538,-0.103,0,-0.0303,-0.9756,0.2175,0,0.1122,0.2129,0.9706,0,0.0151,1.1038,-0.042,1]},
{"frame":65,"values":[0.9932,-0.0543,-0.1029,0,-0.0308,-0.9756,0.2174,0,0.1122,0.2128,0.9706,0,0.0155,1.1038,-0.0418,1]},
{"frame":66,"values":[0.9933,-0.0547,-0.1021,0,-0.0314,-0.9756,0.2172,0,0.1115,0.2125,0.9708,0,0.0158,1.1038,-0.0416,1]},
{"frame":67,"values":[0.9934,-0.055,-0.1008,0,-0.0321,-0.9757,0.2167,0,0.1103,0.212,0.971,0,0.0161,1.1037,-0.0414,1]},
{"frame":68,"values":[0.9935,-0.0553,-0.0993,0,-0.0327,-0.9758,0.2162,0,0.1089,0.2116,0.9713,0,0.0162,1.1036,-0.0412,1]},
{"frame":69,"values":[0.9937,-0.0553,-0.0975,0,-0.0331,-0.9758,0.2161,0,0.1071,0.2115,0.9715,0,0.0162,1.1035,-0.041,1]},
{"frame":70,"values":[0.9939,-0.0554,-0.0958,0,-0.0335,-0.9757,0.2163,0,0.1054,0.2118,0.9716,0,0.0161,1.1035,-0.0411,1]},
{"frame":71,"values":[0.9939,-0.0554,-0.095,0,-0.0337,-0.9757,0.2166,0,0.1047,0.2121,0.9716,0,0.016,1.1035,-0.0412,1]},
{"frame":72,"values":[0.994,-0.0552,-0.0948,0,-0.0335,-0.9757,0.2165,0,0.1044,0.212,0.9717,0,0.0157,1.1036,-0.0414,1]},
{"frame":73,"values":[0.994,-0.055,-0.0945,0,-0.0334,-0.9757,0.2164,0,0.1041,0.2119,0.9717,0,0.0154,1.1036,-0.0417,1]},
{"frame":74,"values":[0.994,-0.0546,-0.0943,0,-0.0331,-0.9758,0.2162,0,0.1039,0.2118,0.9718,0,0.015,1.1036,-0.042,1]},
{"frame":75,"values":[0.994,-0.0542,-0.0947,0,-0.0326,-0.9758,0.216,0,0.1041,0.2117,0.9718,0,0.0146,1.1036,-0.0423,1]},
{"frame":80,"values":[0.9879,0.1519,0.0312,0,0.1335,-0.9352,0.328,0,-0.079,0.3198,0.9442,0,-0.0048,1.1271,0.0141,1]},
{"frame":81,"values":[0.9934,0.1058,0.0449,0,0.0837,-0.9339,0.3477,0,-0.0787,0.3416,0.9365,0,-0.0048,1.1271,0.0141,1]},
{"frame":82,"values":[0.9866,0.0711,0.1472,0,0.0083,-0.9211,0.3893,0,-0.1632,0.3829,0.9093,0,-0.0048,1.1271,0.0141,1]},
{"frame":83,"values":[0.983,0.0341,0.1802,0,-0.0476,-0.9015,0.4301,0,-0.1771,0.4314,0.8846,0,-0.0048,1.1271,0.0141,1]},
{"frame":84,"values":[0.9848,0.0014,0.1736,0,-0.081,-0.8808,0.4664,0,-0.1536,0.4734,0.8673,0,-0.0048,1.1287,0.0199,1]},
{"frame":85,"values":[0.9873,-0.0247,0.1571,0,-0.1009,-0.8609,0.4987,0,-0.123,0.5082,0.8524,0,-0.0048,1.1304,0.0258,1]},
{"frame":86,"values":[0.9891,-0.0415,0.1411,0,-0.1106,-0.8421,0.5279,0,-0.0969,0.5377,0.8375,0,-0.0048,1.1321,0.0317,1]},
{"frame":87,"values":[0.9909,-0.0547,0.1231,0,-0.1138,-0.8294,0.547,0,-0.0722,0.556,0.828,0,-0.0048,1.1338,0.0376,1]},
{"frame":88,"values":[0.9928,-0.0743,0.0945,0,-0.1141,-0.8293,0.547,0,-0.0377,0.5538,0.8318,0,-0.0048,1.131,0.0278,1]},
{"frame":89,"values":[0.9938,-0.0965,0.0557,0,-0.1113,-0.8415,0.5287,0,0.0042,0.5316,0.847,0,-0.0048,1.1282,0.0179,1]},
{"frame":90,"values":[0.9932,-0.1155,0.0148,0,-0.1073,-0.8578,0.5026,0,0.0454,0.5008,0.8644,0,-0.0048,1.1254,0.0081,1]},
{"frame":91,"values":[0.9915,-0.1288,-0.0157,0,-0.1059,-0.8733,0.4754,0,0.0749,0.4698,0.8796,0,-0.0048,1.1225,-0.0018,1]},
{"frame":92,"values":[0.9904,-0.1346,-0.0301,0,-0.1074,-0.8895,0.4441,0,0.0865,0.4367,0.8954,0,-0.0048,1.1144,-0.0302,1]},
{"frame":93,"values":[0.99,-0.1395,-0.0209,0,-0.1196,-0.9083,0.4008,0,0.075,0.3942,0.9159,0,-0.0048,1.1063,-0.0586,1]},
{"frame":94,"values":[0.9896,-0.1425,0.0218,0,-0.141,-0.9254,0.3517,0,0.0299,0.3511,0.9358,0,-0.0048,1.0981,-0.087,1]},
{"frame":95,"values":[0.9838,-0.1475,0.102,0,-0.1728,-0.9323,0.3178,0,-0.0482,0.3303,0.9426,0,-0.0048,1.09,-0.1154,1]},
{"frame":96,"values":[0.966,-0.1575,0.205,0,-0.2169,-0.9253,0.3112,0,-0.1406,0.3451,0.928,0,-0.0048,1.0871,-0.1254,1]},
{"frame":97,"values":[0.942,-0.1687,0.29,0,-0.2629,-0.9083,0.3255,0,-0.2085,0.3829,0.9,0,-0.0048,1.0842,-0.1355,1]},
{"frame":98,"values":[0.9316,-0.1688,0.322,0,-0.2831,-0.8926,0.3509,0,-0.2281,0.418,0.8793,0,-0.0048,1.0857,-0.1303,1]},
{"frame":99,"values":[0.938,-0.1571,0.3091,0,-0.2721,-0.8861,0.3753,0,-0.2149,0.4361,0.8739,0,-0.0048,1.0872,-0.1251,1]},
{"frame":100,"values":[0.9454,-0.1427,0.2931,0,-0.2538,-0.8865,0.387,0,-0.2047,0.4402,0.8743,0,-0.0048,1.0907,-0.1131,1]},
{"frame":101,"values":[0.9459,-0.1345,0.2952,0,-0.2478,-0.8868,0.3901,0,-0.2093,0.4421,0.8722,0,-0.0048,1.0941,-0.1011,1]},
{"frame":102,"values":[0.9456,-0.1296,0.2984,0,-0.2454,-0.8864,0.3925,0,-0.2136,0.4444,0.87,0,-0.0048,1.0975,-0.089,1]},
{"frame":103,"values":[0.9537,-0.1232,0.2744,0,-0.2297,-0.8873,0.4,0,-0.1942,0.4445,0.8744,0,-0.0048,1.101,-0.077,1]},
{"frame":104,"values":[0.9686,-0.1148,0.2206,0,-0.1979,-0.893,0.4041,0,-0.1506,0.4351,0.8877,0,-0.0048,1.1044,-0.065,1]},
{"frame":105,"values":[0.9804,-0.1071,0.1654,0,-0.1653,-0.904,0.3942,0,-0.1073,0.4138,0.904,0,-0.0048,1.1058,-0.0601,1]},
{"frame":106,"values":[0.9861,-0.1011,0.1316,0,-0.1438,-0.9167,0.3729,0,-0.083,0.3866,0.9185,0,-0.0048,1.1072,-0.0552,1]},
{"frame":107,"values":[0.9884,-0.0978,0.1166,0,-0.133,-0.9277,0.3489,0,-0.074,0.3603,0.9299,0,-0.0048,1.1086,-0.0503,1]},
{"frame":108,"values":[0.9904,-0.0939,0.1017,0,-0.1225,-0.937,0.3272,0,-0.0646,0.3365,0.9395,0,-0.0048,1.1085,-0.0508,1]},
{"frame":109,"values":[0.9931,-0.0905,0.0743,0,-0.1092,-0.945,0.3082,0,-0.0423,0.3142,0.9484,0,-0.0048,1.1083,-0.0514,1]},
{"frame":110,"values":[0.9955,-0.0861,0.0389,0,-0.0937,-0.952,0.2915,0,-0.0119,0.2939,0.9558,0,-0.0048,1.1082,-0.052,1]},
{"frame":111,"values":[0.9968,-0.0803,0.0061,0,-0.0789,-0.9585,0.274,0,0.0162,0.2736,0.9617,0,-0.0048,1.108,-0.0525,1]},
{"frame":112,"values":[0.997,-0.0757,-0.0183,0,-0.0684,-0.9634,0.2593,0,0.0373,0.2573,0.9656,0,-0.0048,1.1078,-0.0531,1]},
{"frame":113,"values":[0.9967,-0.0724,-0.037,0,-0.0611,-0.967,0.2472,0,0.0537,0.2441,0.9683,0,-0.0048,1.1077,-0.0537,1]},
{"frame":114,"values":[0.9962,-0.0686,-0.054,0,-0.0539,-0.9697,0.2381,0,0.0687,0.2343,0.9697,0,-0.0048,1.1075,-0.0542,1]},
{"frame":115,"values":[0.9954,-0.0647,-0.0707,0,-0.0466,-0.9714,0.2328,0,0.0837,0.2284,0.97,0,-0.0048,1.1073,-0.0548,1]},
{"frame":116,"values":[0.9946,-0.0614,-0.0837,0,-0.0409,-0.973,0.2274,0,0.0954,0.2227,0.9702,0,-0.0048,1.1072,-0.0554,1]},
{"frame":117,"values":[0.994,-0.0571,-0.0929,0,-0.035,-0.9739,0.2243,0,0.1033,0.2197,0.9701,0,-0.0048,1.107,-0.0559,1]},
{"frame":118,"values":[0.9936,-0.0561,-0.0978,0,-0.0332,-0.9747,0.2212,0,0.1077,0.2166,0.9703,0,-0.0048,1.1069,-0.0565,1]},
{"frame":119,"values":[0.9935,-0.0544,-0.0998,0,-0.0313,-0.9751,0.2195,0,0.1093,0.2149,0.9705,0,-0.0048,1.1067,-0.0571,1]},
{"frame":120,"values":[0.9936,-0.0546,-0.0984,0,-0.0321,-0.9755,0.2177,0,0.1079,0.2132,0.971,0,-0.0048,1.1065,-0.0576,1]},
{"frame":121,"values":[0.994,-0.0543,-0.0947,0,-0.0328,-0.9758,0.216,0,0.1041,0.2116,0.9718,0,-0.0048,1.1064,-0.0582,1]},
{"frame":122,"values":[0.994,-0.0543,-0.0947,0,-0.0328,-0.9758,0.216,0,0.1041,0.2116,0.9718,0,-0.0048,1.1064,-0.0582,1]},
{"frame":130,"values":[0.994,-0.0543,-0.0947,0,-0.0328,-0.9758,0.216,0,0.1041,0.2116,0.9718,0,-0.0048,1.1064,-0.0582,1]},
{"frame":131,"values":[0.994,-0.0543,-0.0947,0,-0.0328,-0.9758,0.216,0,0.1041,0.2116,0.9718,0,-0.0048,1.1064,-0.0582,1]},
{"frame":140,"values":[0.994,-0.0543,-0.0947,0,-0.0328,-0.9758,0.216,0,0.1041,0.2116,0.9718,0,-0.0048,1.1064,-0.0582,1]},
{"frame":141,"values":[0.994,-0.0543,-0.0947,0,-0.0328,-0.9758,0.216,0,0.1041,0.2116,0.9718,0,-0.0048,1.1064,-0.0582,1]},
{"frame":150,"values":[0.9979,-0.0375,0.0531,0,-0.0542,-0.9303,0.3628,0,-0.0358,0.3649,0.9304,0,0.0066,1.0225,-0.0321,1]},
{"frame":151,"values":[0.9987,-0.026,0.0434,0,-0.04,-0.9308,0.3633,0,-0.031,0.3646,0.9306,0,0.0109,1.0414,-0.0442,1]},
{"frame":152,"values":[0.9982,-0.0163,0.0582,0,-0.0361,-0.9332,0.3577,0,-0.0485,0.3591,0.932,0,0.01,1.0688,-0.0637,1]},
{"frame":153,"values":[0.9955,0.0031,0.0951,0,-0.0314,-0.933,0.3585,0,-0.0899,0.3599,0.9287,0,0.0107,1.089,-0.0934,1]},
{"frame":154,"values":[0.9953,0.0056,0.0967,0,-0.03,-0.9314,0.3627,0,-0.0921,0.3639,0.9269,0,0.0106,1.086,-0.1123,1]},
{"frame":155,"values":[0.9979,-0.0063,0.0641,0,-0.0279,-0.9395,0.3413,0,-0.0581,0.3424,0.9378,0,0.0116,1.0838,-0.1128,1]},
{"frame":156,"values":[0.9974,-0.0056,0.0719,0,-0.0285,-0.9465,0.3216,0,-0.0662,0.3228,0.9442,0,0.0123,1.0768,-0.1081,1]},
{"frame":157,"values":[0.9941,-0.0012,0.1081,0,-0.0351,-0.9493,0.3124,0,-0.1023,0.3144,0.9438,0,0.0111,1.0634,-0.0963,1]},
{"frame":158,"values":[0.9936,0.006,0.1126,0,-0.0294,-0.9503,0.3099,0,-0.1089,0.3112,0.9441,0,0.008,1.0367,-0.0761,1]},
{"frame":159,"values":[0.9945,0.0013,0.105,0,-0.0333,-0.9446,0.3264,0,-0.0996,0.3281,0.9394,0,0.006,1.0106,-0.0586,1]},
{"frame":160,"values":[0.9945,-0.0119,0.1039,0,-0.0462,-0.9415,0.3338,0,-0.0939,0.3367,0.9369,0,0.0046,1.0132,-0.0409,1]},
{"frame":161,"values":[0.9939,-0.0423,0.1019,0,-0.0745,-0.9383,0.3378,0,-0.0813,0.3433,0.9357,0,0.0082,1.0369,-0.0344,1]},
{"frame":162,"values":[0.9955,-0.0683,0.0664,0,-0.0876,-0.9304,0.356,0,-0.0375,0.3602,0.9321,0,0.0096,1.0557,-0.0449,1]},
{"frame":163,"values":[0.9965,-0.0831,0.0123,0,-0.0813,-0.9163,0.3921,0,0.0213,0.3917,0.9198,0,0.0076,1.069,-0.0635,1]},
{"frame":164,"values":[0.9971,-0.076,0.0091,0,-0.0729,-0.9053,0.4184,0,0.0236,0.4179,0.9082,0,0.0074,1.0647,-0.0691,1]},
{"frame":165,"values":[0.9981,-0.0582,0.0198,0,-0.0613,-0.9142,0.4005,0,0.0052,0.401,0.9161,0,0.0061,1.0541,-0.0718,1]},
{"frame":166,"values":[0.9987,-0.0468,0.0203,0,-0.051,-0.9229,0.3817,0,-0.0008,0.3822,0.9241,0,0.0037,1.0442,-0.0734,1]},
{"frame":167,"values":[0.9985,-0.0443,0.0318,0,-0.0531,-0.9237,0.3794,0,-0.0126,0.3805,0.9247,0,0.0029,1.0279,-0.0605,1]},
{"frame":168,"values":[0.9981,-0.0407,0.0454,0,-0.0548,-0.9248,0.3765,0,-0.0266,0.3783,0.9253,0,0.0042,1.0148,-0.0498,1]},
{"frame":169,"values":[0.9961,-0.06,0.0647,0,-0.0801,-0.9228,0.3768,0,-0.0371,0.3805,0.924,0,0.0062,0.9968,-0.0359,1]},
{"frame":170,"values":[0.9939,-0.0751,0.0803,0,-0.0994,-0.926,0.3641,0,-0.047,0.3699,0.9279,0,0.0094,0.9962,-0.0289,1]},
{"frame":171,"values":[0.9979,-0.0375,0.0531,0,-0.0542,-0.9303,0.3628,0,-0.0358,0.3649,0.9304,0,0.0066,1.0225,-0.0321,1]},
{"frame":180,"values":[0.961,-0.2612,0.091,0,-0.2765,-0.9176,0.2857,0,-0.0089,0.2997,0.954,0,0.015,1.1139,0.0494,1]},
{"frame":181,"values":[0.9665,-0.2565,-0.0052,0,-0.2502,-0.9469,0.2021,0,0.0568,0.194,0.9793,0,0.015,1.1259,0.0913,1]},
{"frame":182,"values":[0.9915,-0.1254,-0.0349,0,-0.1198,-0.9839,0.1325,0,0.0509,0.1272,0.9906,0,0.0079,1.1379,0.1333,1]},
{"frame":183,"values":[0.9991,-0.0118,-0.0408,0,-0.0089,-0.9974,0.0722,0,0.0415,0.0717,0.9966,0,0.0007,1.1499,0.1752,1]},
{"frame":184,"values":[0.9971,-0.0002,-0.0762,0,0.0039,-0.9986,0.0534,0,0.0761,0.0535,0.9957,0,-0.0064,1.1619,0.2172,1]},
{"frame":185,"values":[0.9907,-0.0614,-0.1213,0,-0.0504,-0.9945,0.0916,0,0.1262,0.0846,0.9884,0,-0.0135,1.1673,0.236,1]},
{"frame":186,"values":[0.9849,-0.1153,-0.1292,0,-0.0967,-0.9852,0.1418,0,0.1436,0.1271,0.9814,0,-0.0207,1.1727,0.2549,1]},
{"frame":187,"values":[0.9882,-0.1121,-0.1048,0,-0.0943,-0.9823,0.1619,0,0.1211,0.1501,0.9812,0,-0.0278,1.1727,0.2549,1]},
{"frame":188,"values":[0.996,-0.0533,-0.0713,0,-0.0412,-0.9859,0.1623,0,0.0789,0.1587,0.9842,0,-0.035,1.1674,0.2363,1]},
{"frame":189,"values":[0.9985,0.0482,-0.0267,0,0.0522,-0.9832,0.1751,0,0.0178,0.1762,0.9842,0,-0.0421,1.1553,0.1939,1]},
{"frame":190,"values":[0.9874,0.1545,0.0336,0,0.1446,-0.9682,0.204,0,-0.064,0.1966,0.9784,0,-0.0493,1.1395,0.1388,1]},
{"frame":191,"values":[0.9719,0.2126,0.1012,0,0.1871,-0.9583,0.2163,0,-0.143,0.1912,0.9711,0,-0.0564,1.1237,0.0837,1]},
{"frame":192,"values":[0.969,0.1943,0.1525,0,0.1634,-0.9673,0.1937,0,-0.1852,0.1628,0.9691,0,-0.0526,1.1079,0.0286,1]},
{"frame":193,"values":[0.9824,0.1064,0.1536,0,0.0817,-0.9839,0.1593,0,-0.1681,0.1439,0.9752,0,-0.0488,1.0922,-0.0265,1]},
{"frame":194,"values":[0.993,0.0132,0.1175,0,-0.0059,-0.987,0.1607,0,-0.1181,0.1603,0.98,0,-0.0363,1.0839,-0.0554,1]},
{"frame":195,"values":[0.9945,-0.019,0.1029,0,-0.0426,-0.9718,0.232,0,-0.0955,0.2351,0.9673,0,-0.0238,1.0755,-0.0844,1]},
{"frame":196,"values":[0.9885,0.0443,0.1443,0,-0.0106,-0.9332,0.3591,0,-0.1506,0.3566,0.9221,0,-0.0112,1.0747,-0.0874,1]},
{"frame":197,"values":[0.9615,0.1757,0.2113,0,0.0502,-0.8683,0.4936,0,-0.2702,0.464,0.8437,0,-0.0137,1.0739,-0.0903,1]},
{"frame":198,"values":[0.9167,0.2833,0.282,0,0.0701,-0.8084,0.5844,0,-0.3935,0.5159,0.7609,0,-0.0162,1.073,-0.0932,1]},
{"frame":199,"values":[0.8762,0.3172,0.3629,0,0.0268,-0.7839,0.6203,0,-0.4812,0.5338,0.6953,0,-0.0187,1.0722,-0.0962,1]},
{"frame":200,"values":[0.8592,0.2999,0.4145,0,-0.0304,-0.7788,0.6265,0,-0.5107,0.551,0.66,0,-0.0135,1.0772,-0.0788,1]},
{"frame":201,"values":[0.8906,0.2454,0.383,0,-0.0513,-0.7824,0.6207,0,-0.452,0.5724,0.6842,0,-0.0082,1.0822,-0.0614,1]},
{"frame":202,"values":[0.9507,0.1644,0.263,0,-0.0293,-0.7967,0.6037,0,-0.3088,0.5816,0.7526,0,-0.0029,1.0871,-0.044,1]},
{"frame":203,"values":[0.9955,-0.0683,0.0664,0,-0.0876,-0.9304,0.356,0,-0.0375,0.3602,0.9321,0,0.0096,1.0557,-0.0449,1]},
{"frame":204,"values":[0.9965,-0.0831,0.0123,0,-0.0813,-0.9163,0.3921,0,0.0213,0.3917,0.9198,0,0.0076,1.069,-0.0635,1]},
{"frame":205,"values":[0.9971,-0.076,0.0091,0,-0.0729,-0.9053,0.4184,0,0.0236,0.4179,0.9082,0,0.0074,1.0647,-0.0691,1]},
{"frame":206,"values":[0.9981,-0.0582,0.0198,0,-0.0613,-0.9142,0.4005,0,0.0052,0.401,0.9161,0,0.0061,1.0541,-0.0718,1]},
{"frame":207,"values":[0.9987,-0.0468,0.0203,0,-0.051,-0.9229,0.3817,0,-0.0008,0.3822,0.9241,0,0.0037,1.0442,-0.0734,1]},
{"frame":208,"values":[0.9985,-0.0443,0.0318,0,-0.0531,-0.9237,0.3794,0,-0.0126,0.3805,0.9247,0,0.0029,1.0279,-0.0605,1]},
{"frame":209,"values":[0.9981,-0.0407,0.0454,0,-0.0548,-0.9248,0.3765,0,-0.0266,0.3783,0.9253,0,0.0042,1.0148,-0.0498,1]},
{"frame":210,"values":[0.9961,-0.06,0.0647,0,-0.0801,-0.9228,0.3768,0,-0.0371,0.3805,0.924,0,0.0062,0.9968,-0.0359,1]},
{"frame":211,"values":[0.9939,-0.0751,0.0803,0,-0.0994,-0.926,0.3641,0,-0.047,0.3699,0.9279,0,0.0094,0.9962,-0.0289,1]},
{"frame":212,"values":[0.9979,-0.0375,0.0531,0,-0.0542,-0.9303,0.3628,0,-0.0358,0.3649,0.9304,0,0.0066,1.0225,-0.0321,1]},
{"frame":221,"values":[0.9998,-0.0028,0.0215,0,-0.0086,-0.9605,0.2781,0,-0.0199,0.2782,0.9603,0,-0.0012,1.027,0.0008,1]},
{"frame":222,"values":[0.9989,-0.0062,0.0472,0,-0.0191,-0.9605,0.2777,0,-0.0436,0.2783,0.9595,0,-0.0012,1.027,0.0008,1]},
{"frame":223,"values":[0.9971,-0.0089,0.0755,0,-0.0296,-0.9604,0.277,0,-0.07,0.2785,0.9579,0,-0.0012,1.027,0.0008,1]},
{"frame":224,"values":[0.9946,-0.01,0.1032,0,-0.0383,-0.9603,0.2762,0,-0.0964,0.2786,0.9556,0,-0.0012,1.027,0.0008,1]},
{"frame":225,"values":[0.9912,-0.0074,0.1322,0,-0.0442,-0.9596,0.2779,0,-0.1248,0.2813,0.9515,0,-0.0012,1.027,0.0008,1]},
{"frame":226,"values":[0.987,-0.0025,0.1604,0,-0.0479,-0.9589,0.2797,0,-0.1531,0.2837,0.9466,0,-0.0012,1.0097,0.0057,1]},
{"frame":227,"values":[0.9826,0.0032,0.1858,0,-0.0501,-0.9582,0.2816,0,-0.1789,0.286,0.9414,0,-0.0012,0.9947,0.0192,1]},
{"frame":228,"values":[0.9783,0.0077,0.207,0,-0.0522,-0.9579,0.2824,0,-0.2004,0.2871,0.9367,0,-0.0012,0.9798,0.0327,1]},
{"frame":229,"values":[0.9749,0.0104,0.2223,0,-0.0544,-0.9575,0.2834,0,-0.2158,0.2884,0.9329,0,-0.0012,0.9649,0.0462,1]},
{"frame":230,"values":[0.9729,0.0087,0.2309,0,-0.0583,-0.9576,0.282,0,-0.2236,0.2878,0.9312,0,-0.0012,0.9368,0.0635,1]},
{"frame":231,"values":[0.9723,0.0053,0.2337,0,-0.0623,-0.9578,0.2807,0,-0.2253,0.2875,0.9309,0,-0.0038,0.9086,0.0808,1]},
{"frame":232,"values":[0.9727,0.0003,0.2323,0,-0.0659,-0.9586,0.277,0,-0.2227,0.2848,0.9324,0,-0.0063,0.8805,0.0981,1]},
{"frame":233,"values":[0.9735,-0.0054,0.2286,0,-0.0695,-0.9594,0.2735,0,-0.2178,0.2821,0.9343,0,-0.0089,0.8524,0.1154,1]},
{"frame":234,"values":[0.9745,-0.0093,0.2243,0,-0.0714,-0.9602,0.2702,0,-0.2129,0.2793,0.9363,0,-0.0115,0.8216,0.1237,1]},
{"frame":235,"values":[0.9755,-0.0114,0.2196,0,-0.0714,-0.961,0.2671,0,-0.208,0.2762,0.9383,0,-0.014,0.7909,0.132,1]},
{"frame":236,"values":[0.9757,-0.012,0.219,0,-0.0716,-0.9613,0.2661,0,-0.2073,0.2752,0.9388,0,-0.0166,0.7469,0.144,1]},
{"frame":237,"values":[0.9746,-0.0104,0.2239,0,-0.0724,-0.96,0.2705,0,-0.2121,0.2799,0.9363,0,-0.0191,0.7091,0.1781,1]},
{"frame":238,"values":[0.9727,-0.0073,0.2321,0,-0.0737,-0.9575,0.2788,0,-0.2202,0.2883,0.9319,0,-0.0217,0.6789,0.2382,1]},
{"frame":239,"values":[0.9746,-0.0095,0.2236,0,-0.0714,-0.96,0.2707,0,-0.2121,0.2798,0.9363,0,-0.0179,0.6486,0.2983,1]},
{"frame":240,"values":[0.9835,-0.0173,0.1801,0,-0.0591,-0.9716,0.2293,0,-0.171,0.2362,0.9565,0,-0.0141,0.6299,0.329,1]},
{"frame":241,"values":[0.9933,-0.0209,0.1133,0,-0.0401,-0.9846,0.1702,0,-0.108,0.1736,0.9789,0,-0.0103,0.6032,0.3318,1]},
{"frame":242,"values":[0.9989,-0.0151,0.0453,0,-0.0204,-0.9927,0.1189,0,-0.0432,0.1197,0.9919,0,-0.0065,0.5957,0.3292,1]},
{"frame":243,"values":[1,-0.0064,-0.0036,0,-0.006,-0.9946,0.1031,0,0.0043,0.1031,0.9947,0,-0.0027,0.5881,0.3265,1]},
{"frame":244,"values":[0.9998,-0.004,-0.0199,0,-0.0011,-0.9901,0.14,0,0.0203,0.14,0.9899,0,0.0011,0.5828,0.3318,1]},
{"frame":245,"values":[0.9999,-0.0063,-0.0139,0,-0.0034,-0.9799,0.1996,0,0.0149,0.1995,0.9798,0,0.0011,0.5775,0.337,1]},
{"frame":246,"values":[1,-0.0068,-0.0027,0,-0.006,-0.9706,0.2406,0,0.0043,0.2405,0.9706,0,0.0011,0.5722,0.3422,1]},
{"frame":247,"values":[1,-0.007,0.001,0,-0.0071,-0.9718,0.2355,0,0.0007,0.2355,0.9719,0,0.0011,0.5732,0.3456,1]},
{"frame":248,"values":[1,-0.0069,-0.001,0,-0.0065,-0.9784,0.2069,0,0.0024,0.2068,0.9784,0,0.0011,0.5732,0.3456,1]},
{"frame":249,"values":[1,-0.0067,-0.003,0,-0.006,-0.9819,0.1894,0,0.0043,0.1894,0.9819,0,0.0011,0.5732,0.3456,1]},
{"frame":250,"values":[1,-0.0067,-0.003,0,-0.006,-0.9819,0.1894,0,0.0043,0.1894,0.9819,0,0.0011,0.5732,0.3456,1]},
{"frame":261,"values":[0.9943,-0.0163,-0.105,0,0.0226,-0.9332,0.3588,0,0.1038,0.3591,0.9275,0,0.01,1.0688,-0.0637,1]},
{"frame":265,"values":[0.9943,-0.0163,-0.105,0,0.0226,-0.9332,0.3588,0,0.1038,0.3591,0.9275,0,0.01,1.0688,-0.0637,1]},
{"frame":270,"values":[0.8748,0.0429,0.4826,0,-0.0498,-0.9828,0.1776,0,-0.4819,0.1794,0.8576,0,0.0057,1.0832,-0.048,1]},
{"frame":271,"values":[0.8606,0.0455,0.5072,0,-0.0531,-0.9826,0.1782,0,-0.5064,0.1803,0.8432,0,0.004,1.0808,-0.0485,1]},
{"frame":272,"values":[0.8452,0.0501,0.5321,0,-0.056,-0.9818,0.1813,0,-0.5315,0.183,0.827,0,0.003,1.0773,-0.0491,1]},
{"frame":273,"values":[0.8302,0.0563,0.5545,0,-0.0588,-0.9805,0.1876,0,-0.5543,0.1884,0.8107,0,0.0023,1.0729,-0.0494,1]},
{"frame":274,"values":[0.8173,0.0628,0.5728,0,-0.063,-0.9783,0.1972,0,-0.5728,0.1973,0.7956,0,0.0016,1.0682,-0.0495,1]},
{"frame":275,"values":[0.8068,0.0699,0.5866,0,-0.0685,-0.9752,0.2104,0,-0.5868,0.2099,0.782,0,0.001,1.063,-0.0499,1]},
{"frame":276,"values":[0.7982,0.0782,0.5972,0,-0.0746,-0.9711,0.2268,0,-0.5977,0.2256,0.7693,0,0.0004,1.0569,-0.0506,1]},
{"frame":277,"values":[0.7899,0.0852,0.6073,0,-0.0826,-0.9665,0.2431,0,-0.6077,0.2422,0.7564,0,-0.0017,1.0509,-0.0511,1]},
{"frame":278,"values":[0.7808,0.0862,0.6189,0,-0.0947,-0.9627,0.2536,0,-0.6176,0.2566,0.7434,0,-0.0049,1.0467,-0.0511,1]},
{"frame":279,"values":[0.7719,0.0783,0.631,0,-0.1109,-0.9606,0.2549,0,-0.6261,0.2667,0.7328,0,-0.0077,1.0449,-0.051,1]},
{"frame":280,"values":[0.7651,0.0633,0.6408,0,-0.1285,-0.9601,0.2482,0,-0.631,0.2723,0.7265,0,-0.0103,1.0453,-0.051,1]},
{"frame":281,"values":[0.7604,0.0491,0.6476,0,-0.1426,-0.9602,0.2401,0,-0.6336,0.2749,0.7232,0,-0.0134,1.0464,-0.0514,1]},
{"frame":282,"values":[0.7558,0.0387,0.6536,0,-0.1526,-0.9604,0.2333,0,-0.6367,0.2761,0.72,0,-0.0158,1.0483,-0.0522,1]},
{"frame":283,"values":[0.7505,0.0339,0.66,0,-0.1575,-0.9607,0.2285,0,-0.6418,0.2754,0.7157,0,-0.0181,1.0512,-0.0543,1]},
{"frame":284,"values":[0.7457,0.032,0.6655,0,-0.1577,-0.962,0.223,0,-0.6473,0.2712,0.7124,0,-0.0213,1.0549,-0.0562,1]},
{"frame":285,"values":[0.742,0.0327,0.6696,0,-0.1529,-0.9642,0.2165,0,-0.6528,0.2631,0.7104,0,-0.0253,1.0594,-0.0575,1]},
{"frame":286,"values":[0.7383,0.0377,0.6734,0,-0.1438,-0.9667,0.2118,0,-0.659,0.2532,0.7083,0,-0.0293,1.0644,-0.0591,1]},
{"frame":287,"values":[0.7355,0.0444,0.676,0,-0.1338,-0.9687,0.2092,0,-0.6641,0.2443,0.7066,0,-0.0336,1.0695,-0.0612,1]},
{"frame":288,"values":[0.7367,0.0486,0.6744,0,-0.1257,-0.9702,0.2071,0,-0.6644,0.2374,0.7087,0,-0.0384,1.0743,-0.0632,1]},
{"frame":289,"values":[0.7437,0.0519,0.6665,0,-0.1173,-0.9714,0.2065,0,-0.6581,0.2317,0.7164,0,-0.044,1.0785,-0.0646,1]},
{"frame":290,"values":[0.7551,0.0569,0.6531,0,-0.1069,-0.9722,0.2083,0,-0.6468,0.2271,0.728,0,-0.0498,1.0828,-0.0655,1]},
{"frame":291,"values":[0.7686,0.0622,0.6367,0,-0.0967,-0.9725,0.2118,0,-0.6324,0.2243,0.7415,0,-0.0551,1.0868,-0.0658,1]},
{"frame":292,"values":[0.7836,0.0648,0.6178,0,-0.0898,-0.9723,0.2159,0,-0.6147,0.2247,0.7561,0,-0.0558,1.0907,-0.0657,1]},
{"frame":293,"values":[0.8006,0.0634,0.5959,0,-0.0874,-0.9714,0.2208,0,-0.5928,0.2289,0.7721,0,-0.0547,1.0928,-0.0657,1]},
{"frame":294,"values":[0.8192,0.0592,0.5704,0,-0.088,-0.9699,0.227,0,-0.5667,0.2362,0.7894,0,-0.0523,1.092,-0.0657,1]},
{"frame":295,"values":[0.8384,0.0535,0.5425,0,-0.0899,-0.968,0.2344,0,-0.5376,0.2453,0.8067,0,-0.0488,1.0911,-0.0668,1]},
{"frame":296,"values":[0.8565,0.0468,0.5141,0,-0.0926,-0.9658,0.2422,0,-0.5078,0.255,0.8228,0,-0.0447,1.0902,-0.0694,1]},
{"frame":297,"values":[0.8724,0.0385,0.4872,0,-0.0966,-0.9636,0.2492,0,-0.4791,0.2645,0.837,0,-0.0403,1.0886,-0.0729,1]},
{"frame":298,"values":[0.8853,0.0296,0.464,0,-0.1012,-0.9618,0.2544,0,-0.4538,0.2722,0.8485,0,-0.0352,1.0855,-0.0754,1]},
{"frame":299,"values":[0.8949,0.0237,0.4457,0,-0.1026,-0.9609,0.2572,0,-0.4344,0.2759,0.8574,0,-0.03,1.0826,-0.0756,1]},
{"frame":300,"values":[0.9023,0.0256,0.4304,0,-0.096,-0.9612,0.2585,0,-0.4204,0.2745,0.8648,0,-0.0254,1.081,-0.0741,1]},
{"frame":301,"values":[0.9099,0.0363,0.4133,0,-0.0796,-0.9624,0.2598,0,-0.4072,0.2693,0.8727,0,-0.0215,1.0799,-0.0718,1]},
{"frame":302,"values":[0.9187,0.0545,0.3911,0,-0.0547,-0.9633,0.2627,0,-0.3911,0.2628,0.882,0,-0.0183,1.078,-0.0687,1]},
{"frame":303,"values":[0.9274,0.073,0.3669,0,-0.0289,-0.9639,0.2648,0,-0.373,0.2561,0.8918,0,-0.0147,1.076,-0.0654,1]},
{"frame":304,"values":[0.9333,0.0865,0.3484,0,-0.0088,-0.9647,0.2632,0,-0.3589,0.2487,0.8996,0,-0.01,1.0755,-0.0625,1]},
{"frame":305,"values":[0.935,0.0927,0.3422,0,0.0018,-0.9664,0.2569,0,-0.3546,0.2396,0.9038,0,-0.0048,1.0764,-0.0597,1]},
{"frame":306,"values":[0.9325,0.0928,0.349,0,0.0037,-0.9689,0.2475,0,-0.3611,0.2295,0.9039,0,0,1.0775,-0.0566,1]},
{"frame":307,"values":[0.9273,0.0869,0.3641,0,-0.0015,-0.9718,0.2357,0,-0.3743,0.2191,0.901,0,0.0042,1.0794,-0.0536,1]},
{"frame":308,"values":[0.9209,0.0769,0.3821,0,-0.0107,-0.975,0.222,0,-0.3896,0.2086,0.8971,0,0.0077,1.0823,-0.0511,1]},
{"frame":309,"values":[0.9144,0.0655,0.3994,0,-0.0207,-0.978,0.2077,0,-0.4042,0.1982,0.8929,0,0.0098,1.0846,-0.0493,1]},
{"frame":310,"values":[0.9083,0.0551,0.4148,0,-0.0296,-0.9803,0.1952,0,-0.4174,0.1896,0.8888,0,0.0107,1.0859,-0.048,1]},
{"frame":311,"values":[0.9021,0.048,0.4288,0,-0.0365,-0.9818,0.1865,0,-0.43,0.1839,0.8839,0,0.0106,1.0865,-0.0473,1]},
{"frame":312,"values":[0.8952,0.044,0.4436,0,-0.0416,-0.9825,0.1815,0,-0.4438,0.1809,0.8777,0,0.0095,1.0865,-0.0473,1]},
{"frame":313,"values":[0.8863,0.0425,0.4611,0,-0.0459,-0.9828,0.1787,0,-0.4608,0.1796,0.8692,0,0.0076,1.0857,-0.0477,1]},
{"frame":314,"values":[0.8748,0.0429,0.4826,0,-0.0498,-0.9828,0.1776,0,-0.4819,0.1794,0.8576,0,0.0057,1.0841,-0.048,1]},
{"frame":320,"values":[0.8748,-0.0429,-0.4826,0,0.0498,-0.9828,0.1776,0,0.4819,0.1794,0.8576,0,0,1.0832,-0.048,1]},
{"frame":321,"values":[0.8606,-0.0455,-0.5072,0,0.0531,-0.9826,0.1782,0,0.5064,0.1803,0.8432,0,0.0017,1.0808,-0.0485,1]},
{"frame":322,"values":[0.8452,-0.0501,-0.5321,0,0.056,-0.9818,0.1813,0,0.5315,0.183,0.827,0,0.0027,1.0773,-0.0491,1]},
{"frame":323,"values":[0.8302,-0.0563,-0.5545,0,0.0588,-0.9805,0.1876,0,0.5543,0.1884,0.8107,0,0.0034,1.0729,-0.0494,1]},
{"frame":324,"values":[0.8173,-0.0628,-0.5728,0,0.063,-0.9783,0.1972,0,0.5728,0.1973,0.7956,0,0.0041,1.0682,-0.0495,1]},
{"frame":325,"values":[0.8068,-0.0699,-0.5866,0,0.0685,-0.9752,0.2104,0,0.5868,0.2099,0.782,0,0.0046,1.063,-0.0499,1]},
{"frame":326,"values":[0.7982,-0.0782,-0.5972,0,0.0746,-0.9711,0.2268,0,0.5977,0.2256,0.7693,0,0.0053,1.0569,-0.0506,1]},
{"frame":327,"values":[0.7899,-0.0852,-0.6073,0,0.0826,-0.9665,0.2431,0,0.6077,0.2422,0.7564,0,0.0074,1.0509,-0.0511,1]},
{"frame":328,"values":[0.7808,-0.0862,-0.6189,0,0.0947,-0.9627,0.2536,0,0.6176,0.2566,0.7434,0,0.0106,1.0467,-0.0511,1]},
{"frame":329,"values":[0.7718,-0.0785,-0.631,0,0.1107,-0.9606,0.255,0,0.6261,0.2667,0.7327,0,0.0135,1.0449,-0.051,1]},
{"frame":330,"values":[0.765,-0.0646,-0.6408,0,0.1275,-0.9601,0.249,0,0.6313,0.2722,0.7262,0,0.0164,1.0448,-0.0512,1]},
{"frame":331,"values":[0.7603,-0.0506,-0.6476,0,0.1415,-0.9601,0.2411,0,0.6339,0.2749,0.7229,0,0.0196,1.0458,-0.0518,1]},
{"frame":332,"values":[0.7558,-0.0408,-0.6536,0,0.1511,-0.9603,0.2347,0,0.6372,0.2761,0.7196,0,0.0221,1.0474,-0.0529,1]},
{"frame":333,"values":[0.7505,-0.0358,-0.6599,0,0.1561,-0.9607,0.2297,0,0.6422,0.2754,0.7154,0,0.0243,1.0504,-0.0548,1]},
{"frame":334,"values":[0.7457,-0.0334,-0.6654,0,0.1567,-0.9619,0.2239,0,0.6476,0.2712,0.7121,0,0.0274,1.0544,-0.0565,1]},
{"frame":335,"values":[0.742,-0.0337,-0.6696,0,0.1522,-0.9642,0.2172,0,0.6529,0.2631,0.7103,0,0.0313,1.059,-0.0577,1]},
{"frame":336,"values":[0.7383,-0.0384,-0.6734,0,0.1433,-0.9667,0.2122,0,0.6591,0.2532,0.7082,0,0.0354,1.0643,-0.0592,1]},
{"frame":337,"values":[0.7356,-0.0448,-0.676,0,0.1335,-0.9687,0.2095,0,0.6642,0.2443,0.7065,0,0.0396,1.0694,-0.0613,1]},
{"frame":338,"values":[0.7367,-0.0486,-0.6744,0,0.1256,-0.9702,0.2072,0,0.6644,0.2374,0.7087,0,0.0444,1.0744,-0.0632,1]},
{"frame":339,"values":[0.7437,-0.0517,-0.6665,0,0.1174,-0.9714,0.2064,0,0.6581,0.2317,0.7164,0,0.05,1.0788,-0.0645,1]},
{"frame":340,"values":[0.7551,-0.0566,-0.6532,0,0.1072,-0.9722,0.2081,0,0.6468,0.2271,0.7281,0,0.0557,1.0831,-0.0654,1]},
{"frame":341,"values":[0.7686,-0.0617,-0.6367,0,0.0971,-0.9726,0.2114,0,0.6323,0.2243,0.7415,0,0.0609,1.0871,-0.0657,1]},
{"frame":342,"values":[0.7836,-0.0641,-0.6179,0,0.0904,-0.9723,0.2155,0,0.6146,0.2247,0.7561,0,0.0616,1.0911,-0.0655,1]},
{"frame":343,"values":[0.8006,-0.0626,-0.596,0,0.0881,-0.9714,0.2203,0,0.5927,0.2289,0.7722,0,0.0605,1.0932,-0.0655,1]},
{"frame":344,"values":[0.8192,-0.0584,-0.5705,0,0.0887,-0.97,0.2266,0,0.5666,0.2362,0.7894,0,0.058,1.0925,-0.0656,1]},
{"frame":345,"values":[0.8384,-0.0527,-0.5425,0,0.0906,-0.968,0.234,0,0.5375,0.2453,0.8068,0,0.0544,1.0916,-0.0666,1]},
{"frame":346,"values":[0.8565,-0.046,-0.5141,0,0.0933,-0.9658,0.2418,0,0.5076,0.2551,0.8229,0,0.0504,1.0906,-0.0692,1]},
{"frame":347,"values":[0.8725,-0.0379,-0.4872,0,0.0972,-0.9636,0.2489,0,0.4789,0.2645,0.837,0,0.0459,1.089,-0.0728,1]},
{"frame":348,"values":[0.8853,-0.029,-0.464,0,0.1017,-0.9618,0.2541,0,0.4537,0.2722,0.8486,0,0.0408,1.0859,-0.0753,1]},
{"frame":349,"values":[0.8949,-0.0233,-0.4457,0,0.103,-0.9609,0.257,0,0.4343,0.2759,0.8575,0,0.0356,1.0829,-0.0756,1]},
{"frame":350,"values":[0.9023,-0.0253,-0.4304,0,0.0962,-0.9613,0.2583,0,0.4203,0.2745,0.8649,0,0.031,1.0813,-0.0741,1]},
{"frame":351,"values":[0.9099,-0.0365,-0.4133,0,0.0794,-0.9624,0.2599,0,0.4072,0.2693,0.8727,0,0.027,1.0799,-0.0719,1]},
{"frame":352,"values":[0.9187,-0.0543,-0.3912,0,0.0549,-0.9633,0.2627,0,0.3911,0.2628,0.882,0,0.0238,1.0782,-0.0689,1]},
{"frame":353,"values":[0.9274,-0.0725,-0.3669,0,0.0294,-0.9639,0.2646,0,0.3729,0.2561,0.8918,0,0.0201,1.0763,-0.0657,1]},
{"frame":354,"values":[0.9334,-0.086,-0.3484,0,0.0093,-0.9648,0.263,0,0.3588,0.2487,0.8997,0,0.0155,1.0757,-0.0627,1]},
{"frame":355,"values":[0.935,-0.0927,-0.3422,0,-0.0018,-0.9664,0.2569,0,0.3546,0.2396,0.9038,0,0.0105,1.0764,-0.0597,1]},
{"frame":356,"values":[0.9325,-0.0928,-0.349,0,-0.0037,-0.9689,0.2475,0,0.3611,0.2295,0.9039,0,0.0057,1.0775,-0.0566,1]},
{"frame":357,"values":[0.9273,-0.0869,-0.3641,0,0.0015,-0.9718,0.2357,0,0.3743,0.2191,0.901,0,0.0015,1.0794,-0.0536,1]},
{"frame":358,"values":[0.9209,-0.0769,-0.3821,0,0.0107,-0.975,0.222,0,0.3896,0.2086,0.8971,0,-0.002,1.0823,-0.0511,1]},
{"frame":359,"values":[0.9144,-0.0655,-0.3994,0,0.0207,-0.978,0.2077,0,0.4042,0.1982,0.8929,0,-0.0041,1.0846,-0.0493,1]},
{"frame":360,"values":[0.9083,-0.0551,-0.4148,0,0.0296,-0.9803,0.1952,0,0.4174,0.1896,0.8888,0,-0.0051,1.0859,-0.048,1]},
{"frame":361,"values":[0.9021,-0.048,-0.4288,0,0.0365,-0.9818,0.1865,0,0.43,0.1839,0.8839,0,-0.0049,1.0865,-0.0473,1]},
{"frame":362,"values":[0.8952,-0.044,-0.4436,0,0.0416,-0.9825,0.1815,0,0.4438,0.1809,0.8777,0,-0.0038,1.0865,-0.0473,1]},
{"frame":363,"values":[0.8863,-0.0425,-0.4611,0,0.0459,-0.9828,0.1787,0,0.4608,0.1796,0.8692,0,-0.0019,1.0857,-0.0477,1]},
{"frame":364,"values":[0.8748,-0.0429,-0.4826,0,0.0498,-0.9828,0.1776,0,0.4819,0.1794,0.8576,0,0,1.0841,-0.048,1]},
{"frame":370,"values":[1,0,0,0,0,-0.9614,0.2753,0,0,0.2753,0.9614,0,-0.0145,1.1124,0.0495,1]},
{"frame":392,"values":[1,0,0,0,0,-0.9614,0.2753,0,0,0.2753,0.9614,0,-0.0145,1.1124,0.0495,1]},
{"frame":400,"values":[1,0,0,0,0,-0.9614,0.2753,0,0,0.2753,0.9614,0,-0.0145,1.1124,0.0495,1]},
{"frame":422,"values":[1,0,0,0,0,-0.9614,0.2753,0,0,0.2753,0.9614,0,-0.0145,1.1124,0.0495,1]},
{"frame":430,"values":[0.9984,0.008,0.0563,0,-0.0045,-0.9758,0.2185,0,-0.0567,0.2184,0.9742,0,0.0084,1.1055,-0.0362,1]},
{"frame":431,"values":[0.9991,0.021,0.0366,0,0.0118,-0.9721,0.2343,0,-0.0405,0.2337,0.9715,0,0.0062,1.1025,-0.0409,1]},
{"frame":432,"values":[0.9994,0.0294,0.0156,0,0.0246,-0.9685,0.2476,0,-0.0224,0.2471,0.9687,0,0.0054,1.0954,-0.0455,1]},
{"frame":433,"values":[0.9996,0.0296,0.0037,0,0.0276,-0.9659,0.2573,0,-0.0111,0.257,0.9663,0,0.0063,1.0852,-0.0543,1]},
{"frame":434,"values":[0.9997,0.0254,-0.0004,0,0.0246,-0.9637,0.2658,0,-0.0064,0.2657,0.964,0,0.0081,1.0601,-0.064,1]},
{"frame":435,"values":[0.9997,0.0203,-0.0094,0,0.0221,-0.9625,0.2704,0,0.0035,0.2706,0.9627,0,0.0103,1.0429,-0.0729,1]},
{"frame":436,"values":[0.9993,0.0197,-0.0319,0,0.0276,-0.9626,0.2695,0,0.0254,0.2702,0.9625,0,0.0117,1.0314,-0.0768,1]},
{"frame":437,"values":[0.998,0.0251,-0.0576,0,0.0397,-0.9627,0.2678,0,0.0488,0.2695,0.9618,0,0.0124,1.0241,-0.0744,1]},
{"frame":438,"values":[0.9963,0.0414,-0.0758,0,0.06,-0.963,0.2626,0,0.0621,0.2662,0.9619,0,0.0125,1.0228,-0.0754,1]},
{"frame":439,"values":[0.9942,0.062,-0.0881,0,0.0823,-0.9645,0.251,0,0.0694,0.2568,0.964,0,0.0138,1.0295,-0.0838,1]},
{"frame":440,"values":[0.9934,0.0743,-0.0876,0,0.0938,-0.9646,0.2464,0,0.0662,0.253,0.9652,0,0.0165,1.0342,-0.0887,1]},
{"frame":441,"values":[0.9954,0.074,-0.0616,0,0.0871,-0.965,0.2475,0,0.0411,0.2517,0.9669,0,0.0209,1.0411,-0.0934,1]},
{"frame":442,"values":[0.9971,0.0726,-0.0222,0,0.0758,-0.9672,0.2425,0,0.0039,0.2435,0.9699,0,0.0259,1.0504,-0.0928,1]},
{"frame":443,"values":[0.998,0.0629,0.0115,0,0.0584,-0.9699,0.2366,0,-0.026,0.2354,0.9715,0,0.0309,1.0615,-0.0907,1]},
{"frame":444,"values":[0.9983,0.0473,0.0354,0,0.0378,-0.972,0.2319,0,-0.0454,0.2302,0.9721,0,0.035,1.0755,-0.0901,1]},
{"frame":445,"values":[0.9978,0.0383,0.0539,0,0.0249,-0.9727,0.2306,0,-0.0612,0.2288,0.9716,0,0.0375,1.0887,-0.0893,1]},
{"frame":446,"values":[0.997,0.0341,0.0698,0,0.0167,-0.9717,0.2354,0,-0.0758,0.2336,0.9694,0,0.0392,1.0978,-0.0879,1]},
{"frame":447,"values":[0.9959,0.0316,0.0852,0,0.0102,-0.9705,0.2407,0,-0.0903,0.2388,0.9669,0,0.0403,1.1004,-0.0861,1]},
{"frame":448,"values":[0.9943,0.0335,0.1016,0,0.0074,-0.9688,0.2476,0,-0.1068,0.2455,0.9635,0,0.0399,1.0982,-0.0834,1]},
{"frame":449,"values":[0.9921,0.0388,0.1194,0,0.0068,-0.9662,0.2577,0,-0.1253,0.2549,0.9588,0,0.039,1.0928,-0.0801,1]},
{"frame":450,"values":[0.9898,0.0468,0.1348,0,0.0083,-0.9619,0.2732,0,-0.1425,0.2693,0.9525,0,0.0379,1.0836,-0.0765,1]},
{"frame":451,"values":[0.9882,0.0578,0.1417,0,0.0147,-0.9574,0.2883,0,-0.1523,0.2829,0.947,0,0.0358,1.0714,-0.0713,1]},
{"frame":452,"values":[0.9872,0.0679,0.1443,0,0.0224,-0.9549,0.296,0,-0.1579,0.2889,0.9442,0,0.0327,1.0576,-0.0721,1]},
{"frame":453,"values":[0.986,0.072,0.1501,0,0.0245,-0.9546,0.2969,0,-0.1647,0.2891,0.943,0,0.0301,1.0444,-0.0665,1]},
{"frame":454,"values":[0.9857,0.066,0.1552,0,0.0174,-0.9553,0.2952,0,-0.1677,0.2882,0.9428,0,0.0271,1.033,-0.0617,1]},
{"frame":455,"values":[0.9857,0.0487,0.1611,0,0.0006,-0.9582,0.2862,0,-0.1683,0.282,0.9445,0,0.0268,1.0257,-0.0581,1]},
{"frame":456,"values":[0.9831,0.0322,0.1804,0,-0.0178,-0.963,0.269,0,-0.1824,0.2676,0.9461,0,0.0273,1.0271,-0.0574,1]},
{"frame":457,"values":[0.9784,0.0152,0.206,0,-0.0385,-0.9663,0.2544,0,-0.203,0.2569,0.9449,0,0.0245,1.0327,-0.06,1]},
{"frame":458,"values":[0.978,-0.0001,0.2085,0,-0.0528,-0.9675,0.2471,0,-0.2017,0.2527,0.9463,0,0.0205,1.0411,-0.0659,1]},
{"frame":459,"values":[0.9838,-0.0106,0.1789,0,-0.0535,-0.97,0.237,0,-0.171,0.2427,0.9549,0,0.0171,1.0511,-0.0689,1]},
{"frame":460,"values":[0.989,-0.0138,0.1475,0,-0.0472,-0.973,0.2259,0,-0.1404,0.2304,0.9629,0,0.0138,1.0618,-0.0653,1]},
{"frame":461,"values":[0.9918,-0.0091,0.1272,0,-0.037,-0.9751,0.2186,0,-0.1221,0.2215,0.9675,0,0.0107,1.0734,-0.06,1]},
{"frame":462,"values":[0.9939,-0.0014,0.1098,0,-0.0248,-0.977,0.212,0,-0.107,0.2134,0.9711,0,0.0085,1.0866,-0.0559,1]},
{"frame":463,"values":[0.9957,0.0033,0.0921,0,-0.0163,-0.9774,0.2108,0,-0.0907,0.2114,0.9732,0,0.0075,1.0976,-0.0504,1]},
{"frame":464,"values":[0.9973,0.0036,0.0736,0,-0.0122,-0.9769,0.2132,0,-0.0727,0.2135,0.9742,0,0.0081,1.105,-0.0433,1]},
{"frame":465,"values":[0.9984,0.008,0.0563,0,-0.0045,-0.9758,0.2185,0,-0.0567,0.2184,0.9742,0,0.0084,1.1055,-0.0362,1]},
{"frame":470,"values":[0.9985,0.0017,0.0542,0,-0.0182,-0.9312,0.3639,0,-0.0511,0.3644,0.9298,0,0,1.0763,-0.0772,1]},
{"frame":471,"values":[0.9987,0.0003,0.0511,0,-0.0186,-0.9295,0.3685,0,-0.0476,0.3689,0.9282,0,-0.0001,1.0891,-0.0772,1]},
{"frame":472,"values":[0.9989,-0.0012,0.0479,0,-0.019,-0.9276,0.373,0,-0.044,0.3735,0.9266,0,-0.0001,1.1019,-0.0772,1]},
{"frame":473,"values":[0.9991,-0.0021,0.0433,0,-0.0184,-0.9247,0.3802,0,-0.0393,0.3806,0.9239,0,0.0008,1.1046,-0.0772,1]},
{"frame":474,"values":[0.9992,-0.0031,0.0387,0,-0.0178,-0.9218,0.3873,0,-0.0345,0.3877,0.9211,0,0.0016,1.1074,-0.0772,1]},
{"frame":475,"values":[0.9997,-0.0049,0.0232,0,-0.0135,-0.921,0.3893,0,-0.0194,0.3895,0.9208,0,0.0017,1.0983,-0.0772,1]},
{"frame":476,"values":[0.9999,-0.0068,0.0076,0,-0.0092,-0.9202,0.3913,0,-0.0043,0.3913,0.9202,0,0.0019,1.0893,-0.0772,1]},
{"frame":477,"values":[0.9999,-0.0081,-0.0097,0,-0.0037,-0.9212,0.3891,0,0.0121,0.389,0.9212,0,0.0018,1.074,-0.0772,1]},
