{"producer":{"name":"Blender","version":"2.81 (sub 16)","exporter_version":"2.80.1","file":"starterAvatar.babylon"},
"autoClear":true,"clearColor":[0.2957,0.2957,0.2957],"gravity":[0,-9.81,0],
"materials":[{"name":"Skin","id":"Skin","customType":"BABYLON.StandardMaterial","backFaceCulling":true,"checkReadyOnlyOnce":false,"maxSimultaneousLights":4,"diffuse":[0.4969,0.3185,0.1651],"specular":[0,0,0],"specularPower":86.8991,"alpha":1,"indexOfRefraction":0.6897},
{"name":"Eyes","id":"Eyes","customType":"BABYLON.StandardMaterial","backFaceCulling":true,"checkReadyOnlyOnce":false,"maxSimultaneousLights":4,"diffuse":[0.0204,0.0204,0.0204],"specular":[0.4561,0.4561,0.4561],"specularPower":64,"alpha":1,"indexOfRefraction":0.6897},
{"name":"Hair","id":"Hair","customType":"BABYLON.StandardMaterial","backFaceCulling":true,"checkReadyOnlyOnce":false,"maxSimultaneousLights":4,"diffuse":[0.3506,0.2625,0.0601],"specular":[0,0,0],"specularPower":64,"alpha":1,"indexOfRefraction":0.6897},
{"name":"Hair2","id":"Hair2","customType":"BABYLON.StandardMaterial","backFaceCulling":true,"checkReadyOnlyOnce":false,"maxSimultaneousLights":4,"diffuse":[0.3506,0.282,0.1262],"specular":[0,0,0],"specularPower":64,"alpha":1,"indexOfRefraction":0.6897},
{"name":"Shirt","id":"Shirt","customType":"BABYLON.StandardMaterial","backFaceCulling":true,"checkReadyOnlyOnce":false,"maxSimultaneousLights":4,"diffuse":[0.1329,0.0125,0.0375],"specular":[0,0,0],"specularPower":64,"alpha":1,"indexOfRefraction":0.6897},
{"name":"Shirt2","id":"Shirt2","customType":"BABYLON.StandardMaterial","backFaceCulling":true,"checkReadyOnlyOnce":false,"maxSimultaneousLights":4,"diffuse":[0.1193,0.0879,0.0827],"specular":[0,0,0],"specularPower":64,"alpha":1,"indexOfRefraction":0.6897},
{"name":"Pants","id":"Pants","customType":"BABYLON.StandardMaterial","backFaceCulling":true,"checkReadyOnlyOnce":false,"maxSimultaneousLights":4,"diffuse":[0.0471,0.0607,0.0426],"specular":[0,0,0],"specularPower":64,"alpha":1,"indexOfRefraction":0.6897},
{"name":"Socks","id":"Socks","customType":"BABYLON.StandardMaterial","backFaceCulling":true,"checkReadyOnlyOnce":false,"maxSimultaneousLights":4,"diffuse":[0.0871,0.0776,0.0755],"specular":[0,0,0],"specularPower":64,"alpha":1,"indexOfRefraction":0.6897},
{"name":"Shoes","id":"Shoes","customType":"BABYLON.StandardMaterial","backFaceCulling":true,"checkReadyOnlyOnce":false,"maxSimultaneousLights":4,"diffuse":[0.0254,0.0254,0.0254],"specular":[0,0,0],"specularPower":64,"alpha":1,"indexOfRefraction":0.6897}],
"multiMaterials":[{"name":"starterAvatar.Multimaterial#0","id":"starterAvatar.Multimaterial#0","materials":["Skin","Eyes","Hair","Hair2","Shirt","Shirt2","Pants","Socks","Shoes"]}],
"skeletons":[{"name":"Armature","id":0,"dimensionsAtRest":[1.7321,1.6702,0.1614],"bones":[
{"name":"mixamorig:Hips","index":0,"matrix":[1,0,0,0,0,1,0,0,0,0,-1,0,0,0.84,-0.0164,1],"rest":[1,0,0,0,0,1,0,0,0,0,-1,0,0,0.84,-0.0164,1],"parentBoneIndex":-1,"length":0.1031
,"animation":{"dataType":3,"framePerSecond":60,"keys":[
{"frame":0,"values":[0.9979,-0.0072,-0.0642,0,0.0029,0.9978,-0.0667,0,-0.0645,-0.0664,-0.9957,0,-0.0007,0.8293,-0.0124,1]},
{"frame":1,"values":[0.9979,-0.0073,-0.0643,0,0.003,0.9977,-0.0671,0,-0.0647,-0.0668,-0.9957,0,-0.0007,0.8293,-0.0124,1]},
{"frame":10,"values":[0.9878,0.1006,-0.1188,0,-0.1068,0.9932,-0.047,0,-0.1133,-0.0591,-0.9918,0,0.0399,0.8433,0.0027,1]},
{"frame":11,"values":[0.9943,0.1009,-0.0333,0,-0.1027,0.9931,-0.0574,0,-0.0273,-0.0605,-0.9978,0,0.0332,0.8433,0.0042,1]},
{"frame":12,"values":[0.9936,0.104,0.0438,0,-0.1005,0.992,-0.0764,0,0.0514,-0.0715,-0.9961,0,0.0279,0.8433,0.0074,1]},
{"frame":13,"values":[0.99,0.0947,0.1049,0,-0.0842,0.9914,-0.1002,0,0.1135,-0.0904,-0.9894,0,0.0253,0.8433,0.0126,1]},
{"frame":14,"values":[0.9866,0.0716,0.1466,0,-0.0535,0.9908,-0.1241,0,0.1542,-0.1146,-0.9814,0,0.0253,0.8433,0.0198,1]},
{"frame":15,"values":[0.9839,0.0544,0.1704,0,-0.029,0.9886,-0.148,0,0.1765,-0.1407,-0.9742,0,0.0261,0.8433,0.0277,1]},
{"frame":16,"values":[0.9829,0.0366,0.1807,0,-0.0054,0.9853,-0.1705,0,0.1843,-0.1666,-0.9686,0,0.0276,0.8433,0.0355,1]},
{"frame":17,"values":[0.9832,0.0205,0.1811,0,0.0148,0.9814,-0.1913,0,0.1817,-0.1908,-0.9647,0,0.0292,0.8433,0.0422,1]},
{"frame":18,"values":[0.9844,0.005,0.1756,0,0.0326,0.9771,-0.2103,0,0.1727,-0.2127,-0.9617,0,0.0307,0.8433,0.0475,1]},
{"frame":19,"values":[0.9858,-0.0091,0.1679,0,0.0479,0.9725,-0.2281,0,0.1612,-0.2329,-0.9591,0,0.032,0.8433,0.0516,1]},
{"frame":20,"values":[0.9869,-0.0209,0.16,0,0.0602,0.9676,-0.2454,0,0.1497,-0.2518,-0.9561,0,0.0329,0.8433,0.0552,1]},
{"frame":21,"values":[0.9879,-0.03,0.1524,0,0.0696,0.9625,-0.2621,0,0.1388,-0.2695,-0.9529,0,0.0336,0.8433,0.0584,1]},
{"frame":22,"values":[0.9888,-0.0372,0.1445,0,0.0766,0.9577,-0.2775,0,0.1281,-0.2854,-0.9498,0,0.0341,0.8433,0.061,1]},
{"frame":23,"values":[0.9898,-0.044,0.1355,0,0.0821,0.9535,-0.2901,0,0.1164,-0.2982,-0.9474,0,0.0347,0.8433,0.0628,1]},
{"frame":24,"values":[0.9909,-0.0516,0.1246,0,0.087,0.9505,-0.2982,0,0.103,-0.3063,-0.9463,0,0.0357,0.8433,0.0635,1]},
{"frame":25,"values":[0.992,-0.0606,0.1111,0,0.0916,0.9493,-0.3007,0,0.0873,-0.3085,-0.9472,0,0.037,0.8433,0.0628,1]},
{"frame":26,"values":[0.993,-0.0708,0.0949,0,0.0961,0.95,-0.2971,0,0.0692,-0.3042,-0.9501,0,0.0387,0.8433,0.0608,1]},
{"frame":27,"values":[0.9937,-0.082,0.076,0,0.1006,0.9523,-0.2881,0,0.0487,-0.2939,-0.9546,0,0.0407,0.8433,0.0576,1]},
{"frame":28,"values":[0.9941,-0.0933,0.0552,0,0.1049,0.9557,-0.2751,0,0.0271,-0.2793,-0.9598,0,0.0431,0.8433,0.0538,1]},
{"frame":29,"values":[0.994,-0.1038,0.0339,0,0.109,0.9594,-0.2601,0,0.0055,-0.2623,-0.965,0,0.046,0.8433,0.0495,1]},
{"frame":30,"values":[0.9935,-0.1131,0.0137,0,0.113,0.963,-0.2447,0,-0.0145,-0.2446,-0.9695,0,0.0494,0.8433,0.0449,1]},
{"frame":31,"values":[0.9926,-0.121,-0.0038,0,0.1169,0.9662,-0.2296,0,-0.0315,-0.2275,-0.9733,0,0.0534,0.8433,0.0397,1]},
{"frame":32,"values":[0.9917,-0.1275,-0.0176,0,0.1208,0.9692,-0.2147,0,-0.0444,-0.2108,-0.9765,0,0.0577,0.8433,0.033,1]},
{"frame":33,"values":[0.9908,-0.1324,-0.027,0,0.1244,0.9721,-0.1987,0,-0.0526,-0.1935,-0.9797,0,0.0623,0.8433,0.0244,1]},
{"frame":34,"values":[0.9902,-0.136,-0.0316,0,0.1282,0.9752,-0.1803,0,-0.0554,-0.1745,-0.9831,0,0.0667,0.8433,0.0136,1]},
{"frame":35,"values":[0.9898,-0.1389,-0.0305,0,0.1324,0.9785,-0.1584,0,-0.0519,-0.1527,-0.9869,0,0.0703,0.8433,0.0011,1]},
{"frame":36,"values":[0.9897,-0.1415,-0.0222,0,0.1374,0.9815,-0.133,0,-0.0406,-0.1286,-0.9909,0,0.0727,0.8433,-0.012,1]},
{"frame":37,"values":[0.9897,-0.1433,-0.0052,0,0.142,0.9842,-0.106,0,-0.0203,-0.1041,-0.9944,0,0.0731,0.8433,-0.0243,1]},
{"frame":38,"values":[0.9893,-0.1442,0.0212,0,0.1455,0.9861,-0.0804,0,0.0093,-0.0826,-0.9965,0,0.0713,0.8433,-0.0344,1]},
{"frame":39,"values":[0.9877,-0.1455,0.0571,0,0.1489,0.9871,-0.0595,0,0.0478,-0.0673,-0.9966,0,0.067,0.8433,-0.0416,1]},
{"frame":40,"values":[0.9837,-0.1482,0.1019,0,0.1534,0.9871,-0.0459,0,0.0937,-0.0607,-0.9937,0,0.0607,0.8433,-0.0457,1]},
{"frame":41,"values":[0.9764,-0.1527,0.1527,0,0.1606,0.9862,-0.0407,0,0.1444,-0.0643,-0.9874,0,0.0527,0.8433,-0.0465,1]},
{"frame":42,"values":[0.9657,-0.1592,0.2051,0,0.1715,0.9842,-0.0433,0,0.195,-0.077,-0.9778,0,0.044,0.8433,-0.0447,1]},
{"frame":43,"values":[0.953,-0.1668,0.2529,0,0.1854,0.9813,-0.0517,0,0.2395,-0.0961,-0.9661,0,0.0361,0.8433,-0.041,1]},
{"frame":44,"values":[0.9412,-0.1733,0.2901,0,0.1997,0.9778,-0.0637,0,0.2726,-0.1179,-0.9549,0,0.0297,0.8433,-0.0365,1]},
{"frame":45,"values":[0.9331,-0.1766,0.3132,0,0.2106,0.9745,-0.078,0,0.2914,-0.1387,-0.9465,0,0.0251,0.8433,-0.0312,1]},
{"frame":46,"values":[0.9304,-0.1756,0.3218,0,0.2157,0.972,-0.093,0,0.2965,-0.1559,-0.9422,0,0.0216,0.8433,-0.0254,1]},
{"frame":47,"values":[0.9322,-0.1711,0.3189,0,0.2147,0.9708,-0.1069,0,0.2913,-0.1681,-0.9417,0,0.019,0.8433,-0.0193,1]},
{"frame":48,"values":[0.9366,-0.1644,0.3095,0,0.2093,0.9707,-0.1178,0,0.2811,-0.1751,-0.9436,0,0.0168,0.8433,-0.0133,1]},
{"frame":49,"values":[0.9411,-0.1571,0.2993,0,0.2019,0.9714,-0.1251,0,0.2711,-0.1781,-0.9459,0,0.0146,0.8433,-0.0078,1]},
{"frame":50,"values":[0.9442,-0.1509,0.2927,0,0.1953,0.9722,-0.1289,0,0.2651,-0.1788,-0.9475,0,0.0125,0.8433,-0.0028,1]},
{"frame":51,"values":[0.9453,-0.1461,0.2915,0,0.1906,0.9729,-0.1305,0,0.2645,-0.179,-0.9476,0,0.0106,0.8433,0.0016,1]},
{"frame":52,"values":[0.9449,-0.1427,0.2945,0,0.188,0.9733,-0.1314,0,0.2678,-0.1795,-0.9466,0,0.0091,0.8433,0.0056,1]},
{"frame":53,"values":[0.9442,-0.14,0.298,0,0.1862,0.9735,-0.1328,0,0.2715,-0.1809,-0.9453,0,0.0079,0.8433,0.0092,1]},
{"frame":54,"values":[0.9447,-0.1372,0.2978,0,0.184,0.9736,-0.1353,0,0.2714,-0.1826,-0.945,0,0.0073,0.8433,0.0124,1]},
{"frame":55,"values":[0.9475,-0.1339,0.2903,0,0.1801,0.9738,-0.1386,0,0.2641,-0.1836,-0.9468,0,0.0072,0.8433,0.0152,1]},
{"frame":56,"values":[0.9529,-0.13,0.2739,0,0.1737,0.9745,-0.142,0,0.2485,-0.1829,-0.9512,0,0.0078,0.8433,0.0175,1]},
{"frame":57,"values":[0.9602,-0.1255,0.2496,0,0.1649,0.9758,-0.1438,0,0.2255,-0.1793,-0.9576,0,0.0087,0.8433,0.0192,1]},
{"frame":58,"values":[0.9679,-0.1209,0.2205,0,0.1546,0.9776,-0.1427,0,0.1983,-0.1722,-0.9649,0,0.0098,0.8433,0.0201,1]},
{"frame":59,"values":[0.9747,-0.1164,0.191,0,0.144,0.9799,-0.1378,0,0.1711,-0.1618,-0.9719,0,0.0108,0.8433,0.0204,1]},
{"frame":60,"values":[0.9799,-0.1122,0.165,0,0.1343,0.9825,-0.1293,0,0.1476,-0.1488,-0.9778,0,0.0115,0.8433,0.0202,1]},
{"frame":61,"values":[0.9835,-0.1086,0.145,0,0.1261,0.985,-0.118,0,0.13,-0.1343,-0.9824,0,0.0119,0.8433,0.0196,1]},
{"frame":62,"values":[0.9857,-0.1055,0.1313,0,0.1196,0.9872,-0.1051,0,0.1186,-0.1193,-0.9857,0,0.012,0.8433,0.0191,1]},
{"frame":63,"values":[0.9871,-0.1029,0.1227,0,0.1145,0.9892,-0.0919,0,0.1119,-0.1047,-0.9882,0,0.0119,0.8433,0.0186,1]},
{"frame":64,"values":[0.9881,-0.1008,0.1165,0,0.1104,0.9907,-0.079,0,0.1075,-0.0909,-0.99,0,0.0118,0.8433,0.0182,1]},
{"frame":65,"values":[0.989,-0.0991,0.1101,0,0.1068,0.992,-0.0668,0,0.1026,-0.0779,-0.9917,0,0.0117,0.8433,0.0178,1]},
{"frame":66,"values":[0.9901,-0.0974,0.1015,0,0.1034,0.9931,-0.0555,0,0.0953,-0.0655,-0.9933,0,0.0118,0.8433,0.0174,1]},
{"frame":67,"values":[0.9914,-0.0957,0.0894,0,0.1,0.994,-0.045,0,0.0846,-0.0535,-0.995,0,0.012,0.8433,0.017,1]},
{"frame":68,"values":[0.9928,-0.0937,0.0741,0,0.0965,0.9947,-0.035,0,0.0705,-0.0419,-0.9966,0,0.0122,0.8433,0.0164,1]},
{"frame":69,"values":[0.9942,-0.0913,0.0567,0,0.0928,0.9954,-0.0253,0,0.0541,-0.0305,-0.9981,0,0.0123,0.8433,0.0156,1]},
{"frame":70,"values":[0.9953,-0.0885,0.0386,0,0.0892,0.9959,-0.0161,0,0.037,-0.0194,-0.9991,0,0.0122,0.8433,0.0147,1]},
{"frame":71,"values":[0.9961,-0.0856,0.0213,0,0.0858,0.9963,-0.0071,0,0.0206,-0.0089,-0.9997,0,0.012,0.8433,0.0137,1]},
{"frame":72,"values":[0.9966,-0.0828,0.006,0,0.0828,0.9966,0.0013,0,0.006,0.0008,-1,0,0.0118,0.8433,0.0126,1]},
{"frame":73,"values":[0.9968,-0.0802,-0.0072,0,0.0802,0.9967,0.0093,0,-0.0064,0.0098,-0.9999,0,0.0115,0.8433,0.0116,1]},
{"frame":74,"values":[0.9968,-0.0778,-0.0184,0,0.0781,0.9968,0.0165,0,-0.017,0.0179,-0.9997,0,0.0112,0.8433,0.0105,1]},
{"frame":75,"values":[0.9967,-0.0758,-0.0282,0,0.0764,0.9968,0.0231,0,-0.0263,0.0251,-0.9993,0,0.011,0.8433,0.0094,1]},
{"frame":76,"values":[0.9966,-0.0738,-0.0372,0,0.0749,0.9968,0.0288,0,-0.0349,0.0315,-0.9989,0,0.0108,0.8433,0.0082,1]},
{"frame":77,"values":[0.9964,-0.0719,-0.0459,0,0.0735,0.9967,0.0338,0,-0.0433,0.037,-0.9984,0,0.0106,0.8433,0.0069,1]},
{"frame":78,"values":[0.9961,-0.0698,-0.0545,0,0.0719,0.9967,0.038,0,-0.0516,0.0417,-0.9978,0,0.0103,0.8433,0.0055,1]},
{"frame":79,"values":[0.9957,-0.0676,-0.0628,0,0.0703,0.9967,0.0414,0,-0.0598,0.0457,-0.9972,0,0.01,0.8433,0.0041,1]},
{"frame":80,"values":[0.9954,-0.0653,-0.0707,0,0.0685,0.9967,0.0442,0,-0.0676,0.0489,-0.9965,0,0.0096,0.8433,0.0026,1]},
{"frame":81,"values":[0.995,-0.0629,-0.0778,0,0.0667,0.9967,0.0466,0,-0.0746,0.0515,-0.9959,0,0.0092,0.8433,0.0012,1]},
{"frame":82,"values":[0.9946,-0.0607,-0.0839,0,0.0649,0.9967,0.0485,0,-0.0807,0.0537,-0.9953,0,0.0089,0.8433,-0.0001,1]},
{"frame":83,"values":[0.9943,-0.0587,-0.089,0,0.0634,0.9967,0.0503,0,-0.0857,0.0556,-0.9948,0,0.0085,0.8433,-0.0014,1]},
{"frame":84,"values":[0.994,-0.0571,-0.0929,0,0.0621,0.9967,0.0518,0,-0.0897,0.0573,-0.9943,0,0.0081,0.8433,-0.0025,1]},
{"frame":85,"values":[0.9938,-0.0559,-0.096,0,0.0612,0.9967,0.0532,0,-0.0927,0.0588,-0.994,0,0.0076,0.8433,-0.0035,1]},
{"frame":86,"values":[0.9937,-0.055,-0.0981,0,0.0605,0.9967,0.0545,0,-0.0948,0.0601,-0.9937,0,0.0071,0.8433,-0.0045,1]},
{"frame":87,"values":[0.9936,-0.0544,-0.0994,0,0.0602,0.9966,0.0556,0,-0.096,0.0613,-0.9935,0,0.0065,0.8433,-0.0054,1]},
{"frame":88,"values":[0.9935,-0.0542,-0.0998,0,0.06,0.9966,0.0566,0,-0.0964,0.0622,-0.9934,0,0.0059,0.8433,-0.0063,1]},
{"frame":89,"values":[0.9936,-0.054,-0.0995,0,0.0599,0.9965,0.0575,0,-0.0961,0.0631,-0.9934,0,0.0051,0.8433,-0.0071,1]},
{"frame":90,"values":[0.9937,-0.054,-0.0985,0,0.0599,0.9965,0.0583,0,-0.095,0.0638,-0.9934,0,0.0043,0.8433,-0.008,1]},
{"frame":91,"values":[0.9938,-0.054,-0.0969,0,0.0599,0.9965,0.0591,0,-0.0933,0.0645,-0.9935,0,0.0035,0.8433,-0.0088,1]},
{"frame":92,"values":[0.994,-0.054,-0.0947,0,0.0598,0.9964,0.0599,0,-0.0911,0.0652,-0.9937,0,0.0026,0.8433,-0.0095,1]},
{"frame":100,"values":[0.998,-0.062,-0.0124,0,0.0583,0.9787,-0.1967,0,-0.0243,-0.1956,-0.9804,0,0.0038,0.7485,-0.0133,1]},
{"frame":101,"values":[0.9992,-0.0378,-0.0155,0,0.0345,0.9832,-0.1791,0,-0.022,-0.1784,-0.9837,0,0.0044,0.7507,-0.0106,1]},
{"frame":102,"values":[0.9995,0.0014,-0.0304,0,-0.0064,0.9863,-0.165,0,-0.0297,-0.1651,-0.9858,0,0.0037,0.7556,-0.0085,1]},
{"frame":103,"values":[0.9988,0.0355,-0.0348,0,-0.0409,0.9849,-0.1683,0,-0.0283,-0.1696,-0.9851,0,0.0029,0.763,-0.0082,1]},
{"frame":104,"values":[0.9958,0.0822,-0.0407,0,-0.088,0.9812,-0.172,0,-0.0258,-0.1749,-0.9843,0,0.0015,0.7712,-0.0085,1]},
{"frame":105,"values":[0.9897,0.1363,-0.043,0,-0.1418,0.9745,-0.1741,0,-0.0181,-0.1784,-0.9838,0,-0.0001,0.7756,-0.0093,1]},
{"frame":106,"values":[0.9822,0.1846,-0.0346,0,-0.1878,0.9661,-0.1772,0,-0.0007,-0.1805,-0.9836,0,-0.0017,0.7808,-0.0114,1]},
{"frame":107,"values":[0.9777,0.2092,-0.0185,0,-0.2091,0.9611,-0.1802,0,0.0199,-0.1801,-0.9834,0,-0.0026,0.7875,-0.0131,1]},
{"frame":108,"values":[0.9795,0.2014,-0.0055,0,-0.1988,0.9618,-0.1883,0,0.0327,-0.1855,-0.9821,0,-0.0028,0.7931,-0.0146,1]},
{"frame":109,"values":[0.9844,0.1757,0.0086,0,-0.1706,0.9652,-0.198,0,0.0431,-0.1934,-0.9802,0,-0.0025,0.7953,-0.0155,1]},
{"frame":110,"values":[0.9893,0.1458,0.0108,0,-0.1409,0.9707,-0.1949,0,0.0389,-0.1913,-0.9808,0,-0.0023,0.796,-0.0153,1]},
{"frame":111,"values":[0.993,0.1175,0.0151,0,-0.1129,0.9775,-0.178,0,0.0356,-0.175,-0.9839,0,-0.0018,0.7961,-0.0139,1]},
{"frame":112,"values":[0.9953,0.0954,0.018,0,-0.0914,0.9835,-0.1563,0,0.0326,-0.1539,-0.9875,0,-0.0018,0.7949,-0.0118,1]},
{"frame":113,"values":[0.997,0.0689,0.0357,0,-0.0634,0.9883,-0.1387,0,0.0448,-0.136,-0.9897,0,-0.0007,0.7928,-0.0106,1]},
{"frame":114,"values":[0.9969,0.0406,0.067,0,-0.0312,0.9902,-0.1358,0,0.0719,-0.1333,-0.9885,0,0.0003,0.7876,-0.011,1]},
{"frame":115,"values":[0.9962,0.031,0.0819,0,-0.0198,0.9907,-0.1345,0,0.0853,-0.1324,-0.9875,0,-0.0006,0.7794,-0.0122,1]},
{"frame":116,"values":[0.9951,0.023,0.0958,0,-0.0093,0.9898,-0.1419,0,0.0981,-0.1403,-0.9852,0,-0.0007,0.7707,-0.0137,1]},
{"frame":117,"values":[0.9948,0.0194,0.0995,0,-0.004,0.9882,-0.1529,0,0.1013,-0.1517,-0.9832,0,-0.0002,0.7653,-0.015,1]},
{"frame":118,"values":[0.9956,0.0239,0.0909,0,-0.0077,0.9847,-0.1742,0,0.0936,-0.1727,-0.9805,0,-0.0025,0.7582,-0.0164,1]},
{"frame":119,"values":[0.9964,0.0218,0.0821,0,-0.0064,0.983,-0.1833,0,0.0847,-0.1821,-0.9796,0,-0.0056,0.7492,-0.0164,1]},
{"frame":120,"values":[0.9972,0.0207,0.0718,0,-0.0072,0.9829,-0.1838,0,0.0743,-0.1828,-0.9803,0,-0.0086,0.7451,-0.0152,1]},
{"frame":121,"values":[0.9972,0.0063,0.0742,0,0.0071,0.9838,-0.179,0,0.0741,-0.179,-0.981,0,-0.0111,0.7433,-0.0132,1]},
{"frame":122,"values":[0.9966,-0.0273,0.0776,0,0.0409,0.983,-0.1791,0,0.0713,-0.1816,-0.9808,0,-0.0142,0.7458,-0.0118,1]},
{"frame":123,"values":[0.9948,-0.0544,0.0865,0,0.0693,0.9814,-0.1791,0,0.0751,-0.1841,-0.98,0,-0.0134,0.7515,-0.011,1]},
{"frame":124,"values":[0.9929,-0.0722,0.095,0,0.0884,0.9798,-0.1796,0,0.0801,-0.1867,-0.9791,0,-0.0132,0.7596,-0.011,1]},
{"frame":125,"values":[0.9921,-0.0963,0.081,0,0.1094,0.9779,-0.1783,0,0.0621,-0.1857,-0.9806,0,-0.0121,0.7679,-0.0116,1]},
{"frame":126,"values":[0.9929,-0.1054,0.0556,0,0.1138,0.9771,-0.1798,0,0.0353,-0.1849,-0.9821,0,-0.0108,0.7763,-0.0126,1]},
{"frame":127,"values":[0.9939,-0.1062,0.0286,0,0.1096,0.9778,-0.1787,0,0.009,-0.1808,-0.9835,0,-0.0092,0.7825,-0.0135,1]},
{"frame":128,"values":[0.9921,-0.1223,0.0279,0,0.1253,0.976,-0.1779,0,0.0055,-0.18,-0.9837,0,-0.006,0.7886,-0.0144,1]},
{"frame":129,"values":[0.9949,-0.0989,0.0215,0,0.1011,0.9798,-0.1726,0,0.004,-0.1739,-0.9848,0,-0.0055,0.7946,-0.0143,1]},
{"frame":130,"values":[0.9981,-0.0542,0.0283,0,0.0581,0.9846,-0.165,0,0.0189,-0.1663,-0.9859,0,-0.0067,0.797,-0.0133,1]},
{"frame":131,"values":[0.9997,0.0184,0.0131,0,-0.0161,0.9872,-0.1584,0,0.0158,-0.1581,-0.9873,0,-0.0095,0.7991,-0.0122,1]},
{"frame":132,"values":[0.9982,0.0585,0.0114,0,-0.0563,0.9883,-0.1415,0,0.0196,-0.1406,-0.9899,0,-0.0114,0.8007,-0.011,1]},
{"frame":133,"values":[0.9977,0.0665,0.0086,0,-0.0649,0.9896,-0.1281,0,0.017,-0.1273,-0.9917,0,-0.0123,0.8001,-0.0101,1]},
{"frame":134,"values":[0.998,0.0626,-0.0061,0,-0.0629,0.9909,-0.1188,0,0.0014,-0.119,-0.9929,0,-0.0116,0.7977,-0.0101,1]},
{"frame":135,"values":[0.9987,0.0434,-0.0279,0,-0.0463,0.9923,-0.1148,0,-0.0228,-0.116,-0.993,0,-0.0103,0.7936,-0.0102,1]},
{"frame":136,"values":[0.9989,0.0263,-0.0389,0,-0.0306,0.993,-0.1137,0,-0.0357,-0.1148,-0.9928,0,-0.0079,0.7868,-0.0111,1]},
{"frame":137,"values":[0.9991,0.0059,-0.0423,0,-0.011,0.9928,-0.1196,0,-0.0413,-0.12,-0.9919,0,-0.0048,0.7795,-0.0119,1]},
{"frame":138,"values":[0.9985,-0.0373,-0.04,0,0.0319,0.9913,-0.1279,0,-0.0445,-0.1264,-0.991,0,-0.0011,0.7708,-0.0122,1]},
{"frame":139,"values":[0.9972,-0.0689,-0.0274,0,0.0644,0.988,-0.1406,0,-0.0367,-0.1384,-0.9897,0,0.0012,0.7613,-0.0124,1]},
{"frame":140,"values":[0.9975,-0.0689,-0.0164,0,0.0651,0.9831,-0.1708,0,-0.0279,-0.1693,-0.9852,0,0.0021,0.7554,-0.0141,1]},
{"frame":141,"values":[0.9973,-0.0721,-0.015,0,0.0678,0.9779,-0.1978,0,-0.029,-0.1963,-0.9801,0,0.0021,0.7501,-0.0149,1]},
{"frame":142,"values":[0.998,-0.062,-0.0124,0,0.0583,0.9787,-0.1967,0,-0.0243,-0.1956,-0.9804,0,0.0038,0.7485,-0.0133,1]},
{"frame":150,"values":[0.9524,0.143,0.2692,0,-0.0358,0.9295,-0.3671,0,0.3027,-0.34,-0.8904,0,0.0031,0.835,-0.0122,1]},
{"frame":152,"values":[0.964,0.042,0.2625,0,0.034,0.9599,-0.2784,0,0.2637,-0.2773,-0.9239,0,0.0028,0.835,-0.0092,1]},
{"frame":153,"values":[0.9702,-0.0586,0.235,0,0.1067,0.9745,-0.1976,0,0.2174,-0.2168,-0.9517,0,0.0043,0.835,-0.0072,1]},
{"frame":154,"values":[0.9699,-0.1502,0.1918,0,0.1758,0.9766,-0.124,0,0.1687,-0.154,-0.9736,0,0.0065,0.835,-0.0058,1]},
{"frame":155,"values":[0.9646,-0.2244,0.1386,0,0.2345,0.9702,-0.0612,0,0.1207,-0.0916,-0.9885,0,0.0092,0.835,-0.0049,1]},
{"frame":156,"values":[0.9583,-0.2734,0.0834,0,0.2752,0.9613,-0.0108,0,0.0773,-0.0333,-0.9965,0,0.0114,0.835,-0.0043,1]},
{"frame":157,"values":[0.9557,-0.2923,0.0339,0,0.2915,0.9561,0.0289,0,0.0409,0.0177,-0.999,0,0.0126,0.835,-0.004,1]},
{"frame":158,"values":[0.9596,-0.2813,-0.0046,0,0.2811,0.9577,0.0611,0,0.0128,0.0599,-0.9981,0,0.0122,0.835,-0.0041,1]},
{"frame":159,"values":[0.9691,-0.2447,-0.0299,0,0.2464,0.965,0.0897,0,-0.0069,0.0943,-0.9955,0,0.0102,0.835,-0.0046,1]},
{"frame":160,"values":[0.9808,-0.1901,-0.0434,0,0.194,0.974,0.1174,0,-0.0199,0.1235,-0.9921,0,0.0068,0.835,-0.0054,1]},
{"frame":161,"values":[0.9906,-0.128,-0.0484,0,0.1338,0.9803,0.1451,0,-0.0289,0.1502,-0.9882,0,0.0026,0.835,-0.0063,1]},
{"frame":162,"values":[0.9963,-0.0699,-0.0497,0,0.0774,0.9821,0.172,0,-0.0368,0.1752,-0.9838,0,-0.0017,0.835,-0.0079,1]},
{"frame":163,"values":[0.9983,-0.0252,-0.0518,0,0.0349,0.98,0.1958,0,-0.0458,0.1973,-0.9793,0,-0.0056,0.835,-0.0102,1]},
{"frame":164,"values":[0.9983,0.0014,-0.0585,0,0.0111,0.9768,0.2137,0,-0.0574,0.2139,-0.9752,0,-0.0086,0.835,-0.0131,1]},
{"frame":165,"values":[0.9974,0.0091,-0.072,0,0.0072,0.9748,0.2231,0,-0.0722,0.223,-0.9721,0,-0.0106,0.835,-0.0164,1]},
{"frame":166,"values":[0.9958,0.0008,-0.091,0,0.0195,0.9747,0.2226,0,-0.0889,0.2234,-0.9707,0,-0.0118,0.835,-0.0199,1]},
{"frame":167,"values":[0.9936,-0.0194,-0.1114,0,0.0428,0.9762,0.2124,0,-0.1046,0.2158,-0.9708,0,-0.0125,0.835,-0.0238,1]},
{"frame":168,"values":[0.9906,-0.046,-0.1285,0,0.0706,0.9783,0.1947,0,-0.1168,0.2019,-0.9724,0,-0.0132,0.835,-0.028,1]},
{"frame":169,"values":[0.9876,-0.0732,-0.1391,0,0.097,0.9801,0.1731,0,-0.1237,0.1845,-0.975,0,-0.0145,0.835,-0.0322,1]},
{"frame":170,"values":[0.9852,-0.0963,-0.142,0,0.1178,0.9814,0.1518,0,-0.1248,0.1663,-0.9782,0,-0.0164,0.835,-0.0359,1]},
{"frame":171,"values":[0.9841,-0.1121,-0.138,0,0.1307,0.9823,0.1341,0,-0.1205,0.15,-0.9813,0,-0.0189,0.835,-0.0389,1]},
{"frame":172,"values":[0.9845,-0.1187,-0.1289,0,0.1345,0.9834,0.122,0,-0.1123,0.1374,-0.9841,0,-0.0215,0.835,-0.0409,1]},
{"frame":173,"values":[0.9864,-0.115,-0.1171,0,0.1286,0.9849,0.1157,0,-0.102,0.1292,-0.9864,0,-0.0244,0.835,-0.0424,1]},
{"frame":174,"values":[0.9894,-0.1011,-0.104,0,0.1129,0.987,0.1141,0,-0.0911,0.1246,-0.988,0,-0.0273,0.835,-0.0443,1]},
{"frame":175,"values":[0.9929,-0.0778,-0.0899,0,0.0879,0.9895,0.1149,0,-0.08,0.1219,-0.9893,0,-0.0303,0.835,-0.0468,1]},
{"frame":176,"values":[0.9962,-0.0458,-0.0741,0,0.0542,0.9918,0.1155,0,-0.0682,0.1191,-0.9905,0,-0.0331,0.835,-0.0498,1]},
{"frame":177,"values":[0.9984,-0.0068,-0.0563,0,0.0132,0.9934,0.1136,0,-0.0552,0.1141,-0.9919,0,-0.0357,0.835,-0.0531,1]},
{"frame":178,"values":[0.9987,0.0365,-0.0361,0,-0.0325,0.9936,0.1077,0,-0.0398,0.1064,-0.9935,0,-0.0379,0.835,-0.0561,1]},
{"frame":179,"values":[0.9966,0.0812,-0.0135,0,-0.0795,0.992,0.0979,0,-0.0214,0.0965,-0.9951,0,-0.0395,0.835,-0.0586,1]},
{"frame":180,"values":[0.9922,0.1241,0.0109,0,-0.1246,0.9885,0.0856,0,0.0001,0.0863,-0.9963,0,-0.0406,0.835,-0.061,1]},
{"frame":181,"values":[0.9861,0.1622,0.037,0,-0.1646,0.9837,0.0731,0,0.0245,0.0781,-0.9966,0,-0.0413,0.835,-0.0631,1]},
{"frame":182,"values":[0.9792,0.1924,0.064,0,-0.1964,0.9785,0.0633,0,0.0504,0.0745,-0.9959,0,-0.0416,0.835,-0.0651,1]},
{"frame":183,"values":[0.973,0.2121,0.091,0,-0.2178,0.9742,0.0584,0,0.0762,0.0767,-0.9941,0,-0.0414,0.835,-0.0668,1]},
{"frame":184,"values":[0.9686,0.2196,0.1165,0,-0.2276,0.9719,0.0599,0,0.1001,0.0846,-0.9914,0,-0.0408,0.835,-0.0683,1]},
{"frame":185,"values":[0.967,0.214,0.1386,0,-0.2249,0.972,0.0677,0,0.1202,0.0966,-0.988,0,-0.04,0.835,-0.0692,1]},
{"frame":186,"values":[0.9685,0.1955,0.1544,0,-0.2096,0.9745,0.0804,0,0.1347,0.1102,-0.9847,0,-0.0389,0.835,-0.0696,1]},
{"frame":187,"values":[0.9728,0.1658,0.1619,0,-0.1827,0.9785,0.0956,0,0.1425,0.1226,-0.9822,0,-0.0374,0.835,-0.0696,1]},
{"frame":188,"values":[0.9788,0.1283,0.1599,0,-0.1468,0.983,0.1101,0,0.1431,0.1312,-0.981,0,-0.0356,0.835,-0.0694,1]},
{"frame":189,"values":[0.985,0.0866,0.1495,0,-0.105,0.9872,0.1203,0,0.1371,0.1342,-0.9814,0,-0.0333,0.835,-0.0688,1]},
{"frame":190,"values":[0.9899,0.0469,0.1339,0,-0.0636,0.9904,0.1228,0,0.1269,0.13,-0.9834,0,-0.0305,0.835,-0.0681,1]},
{"frame":191,"values":[0.993,0.0133,0.1172,0,-0.0269,0.993,0.1151,0,0.1148,0.1175,-0.9864,0,-0.0273,0.835,-0.067,1]},
{"frame":192,"values":[0.9945,-0.0115,0.1039,0,0.0014,0.9954,0.096,0,0.1045,0.0953,-0.9899,0,-0.0235,0.835,-0.0656,1]},
{"frame":193,"values":[0.9948,-0.0229,0.0989,0,0.0166,0.9978,0.0647,0,0.1002,0.0627,-0.993,0,-0.0192,0.835,-0.0642,1]},
{"frame":194,"values":[0.9944,-0.0179,0.1045,0,0.0158,0.9996,0.0216,0,0.1048,0.0199,-0.9943,0,-0.0147,0.835,-0.0628,1]},
{"frame":195,"values":[0.9928,0.004,0.12,0,-0.0002,0.9995,-0.0313,0,0.1201,-0.0311,-0.9923,0,-0.0106,0.835,-0.0597,1]},
{"frame":196,"values":[0.9889,0.0414,0.1428,0,-0.0285,0.9954,-0.0911,0,0.1459,-0.0861,-0.9856,0,-0.0071,0.835,-0.0587,1]},
{"frame":197,"values":[0.9814,0.0906,0.1692,0,-0.0645,0.986,-0.1537,0,0.1808,-0.1399,-0.9735,0,-0.0049,0.835,-0.0594,1]},
{"frame":198,"values":[0.9696,0.1453,0.1967,0,-0.1021,0.9714,-0.2143,0,0.2222,-0.1877,-0.9568,0,-0.004,0.835,-0.0613,1]},
{"frame":199,"values":[0.954,0.1988,0.2244,0,-0.1354,0.9536,-0.269,0,0.2674,-0.2262,-0.9367,0,-0.0044,0.835,-0.0637,1]},
{"frame":200,"values":[0.9361,0.2445,0.2529,0,-0.1593,0.9357,-0.3149,0,0.3136,-0.2545,-0.9148,0,-0.0056,0.835,-0.0659,1]},
{"frame":201,"values":[0.9175,0.2788,0.2838,0,-0.1712,0.9206,-0.3511,0,0.3591,-0.2735,-0.8923,0,-0.007,0.835,-0.0673,1]},
{"frame":202,"values":[0.8997,0.3001,0.3171,0,-0.1704,0.9101,-0.3777,0,0.402,-0.2857,-0.8699,0,-0.0082,0.835,-0.0676,1]},
{"frame":203,"values":[0.8835,0.3097,0.3514,0,-0.1595,0.9043,-0.3959,0,0.4404,-0.2938,-0.8484,0,-0.0088,0.835,-0.0664,1]},
{"frame":204,"values":[0.8703,0.3099,0.3829,0,-0.142,0.9021,-0.4075,0,0.4717,-0.3003,-0.829,0,-0.0087,0.835,-0.0635,1]},
{"frame":205,"values":[0.8617,0.3026,0.4073,0,-0.1213,0.9023,-0.4137,0,0.4927,-0.3071,-0.8142,0,-0.0079,0.835,-0.0592,1]},
{"frame":206,"values":[0.8599,0.2891,0.4207,0,-0.1007,0.904,-0.4154,0,0.5004,-0.3148,-0.8065,0,-0.0064,0.835,-0.0535,1]},
{"frame":207,"values":[0.8663,0.2697,0.4205,0,-0.082,0.9071,-0.4129,0,0.4928,-0.3232,-0.8079,0,-0.0044,0.835,-0.0468,1]},
{"frame":208,"values":[0.8807,0.2449,0.4054,0,-0.0662,0.9112,-0.4066,0,0.469,-0.3312,-0.8188,0,-0.0023,0.835,-0.0392,1]},
{"frame":209,"values":[0.9016,0.215,0.3755,0,-0.0533,0.9164,-0.3967,0,0.4293,-0.3376,-0.8377,0,-0.0002,0.835,-0.0309,1]},
{"frame":210,"values":[0.9257,0.1811,0.3321,0,-0.0428,0.9224,-0.3838,0,0.3758,-0.3411,-0.8616,0,0.0017,0.835,-0.0221,1]},
{"frame":211,"values":[0.9524,0.143,0.2692,0,-0.0358,0.9295,-0.3671,0,0.3027,-0.34,-0.8904,0,0.0031,0.835,-0.0122,1]},
{"frame":220,"values":[0.4049,-0.0271,0.9139,0,0.1295,0.9912,-0.028,0,0.9051,-0.1297,-0.4049,0,0.0128,0.8171,-0.0057,1]},
{"frame":221,"values":[0.4043,-0.0147,0.9145,0,0.1252,0.9913,-0.0395,0,0.906,-0.1305,-0.4027,0,0.0093,0.82,-0.0079,1]},
{"frame":222,"values":[0.405,-0.0068,0.9143,0,0.1237,0.9912,-0.0474,0,0.9059,-0.1323,-0.4023,0,0.0059,0.8218,-0.0099,1]},
{"frame":223,"values":[0.4072,-0.0038,0.9133,0,0.1245,0.9909,-0.0514,0,0.9048,-0.1347,-0.404,0,0.0027,0.8223,-0.0114,1]},
{"frame":224,"values":[0.4104,-0.0056,0.9119,0,0.1271,0.9906,-0.0511,0,0.903,-0.1368,-0.4072,0,0.0002,0.8216,-0.0127,1]},
{"frame":225,"values":[0.4146,-0.0118,0.9099,0,0.1313,0.9902,-0.047,0,0.9005,-0.139,-0.4121,0,-0.0018,0.8197,-0.0136,1]},
{"frame":226,"values":[0.4205,-0.0224,0.907,0,0.1376,0.9897,-0.0394,0,0.8968,-0.1413,-0.4193,0,-0.0029,0.8164,-0.0142,1]},
{"frame":227,"values":[0.4287,-0.0358,0.9028,0,0.1448,0.989,-0.0295,0,0.8918,-0.1434,-0.4291,0,-0.0033,0.812,-0.0146,1]},
{"frame":228,"values":[0.4397,-0.054,0.8965,0,0.1522,0.9882,-0.0151,0,0.8851,-0.1431,-0.4428,0,-0.0023,0.8058,-0.0146,1]},
{"frame":229,"values":[0.4532,-0.0733,0.8884,0,0.1584,0.9874,0.0007,0,0.8772,-0.1404,-0.4591,0,-0.0003,0.7984,-0.0147,1]},
{"frame":230,"values":[0.4659,-0.0857,0.8807,0,0.1608,0.9869,0.011,0,0.8701,-0.1364,-0.4736,0,0.0009,0.791,-0.0152,1]},
{"frame":231,"values":[0.4764,-0.0933,0.8743,0,0.1612,0.9868,0.0175,0,0.8643,-0.1326,-0.4851,0,0.0007,0.7839,-0.0158,1]},
{"frame":232,"values":[0.4828,-0.0966,0.8704,0,0.1608,0.9868,0.0203,0,0.8608,-0.1301,-0.492,0,-0.0005,0.777,-0.0162,1]},
{"frame":233,"values":[0.486,-0.0938,0.8689,0,0.1582,0.9872,0.0181,0,0.8595,-0.1286,-0.4947,0,-0.0023,0.7699,-0.0166,1]},
{"frame":234,"values":[0.4876,-0.0826,0.8691,0,0.1506,0.9886,0.0095,0,0.86,-0.1262,-0.4945,0,-0.0039,0.7631,-0.0168,1]},
{"frame":235,"values":[0.4899,-0.0625,0.8695,0,0.1365,0.9906,-0.0056,0,0.861,-0.1214,-0.4939,0,-0.0051,0.7561,-0.017,1]},
{"frame":236,"values":[0.4887,-0.0523,0.8709,0,0.125,0.9921,-0.0106,0,0.8634,-0.1141,-0.4914,0,-0.0018,0.7542,-0.0161,1]},
{"frame":237,"values":[0.4854,-0.0449,0.8732,0,0.1161,0.9931,-0.0135,0,0.8666,-0.108,-0.4873,0,0.0029,0.7557,-0.0142,1]},
{"frame":238,"values":[0.4862,-0.0282,0.8734,0,0.1067,0.9939,-0.0274,0,0.8673,-0.1065,-0.4863,0,0.005,0.754,-0.0127,1]},
{"frame":239,"values":[0.4856,-0.0176,0.874,0,0.1035,0.9939,-0.0375,0,0.868,-0.1087,-0.4845,0,0.0072,0.7517,-0.011,1]},
{"frame":240,"values":[0.4835,-0.0086,0.8753,0,0.1017,0.9937,-0.0465,0,0.8694,-0.1115,-0.4813,0,0.0088,0.7508,-0.0093,1]},
{"frame":241,"values":[0.4823,0.0015,0.876,0,0.0973,0.9937,-0.0553,0,0.8706,-0.1119,-0.4791,0,0.0104,0.752,-0.0078,1]},
{"frame":242,"values":[0.4842,0.0129,0.8749,0,0.0896,0.9939,-0.0643,0,0.8704,-0.1095,-0.48,0,0.012,0.7554,-0.0063,1]},
{"frame":243,"values":[0.4882,0.0235,0.8724,0,0.0808,0.9941,-0.072,0,0.869,-0.1057,-0.4834,0,0.0134,0.76,-0.0051,1]},
{"frame":244,"values":[0.4908,0.0306,0.8707,0,0.0743,0.9943,-0.0768,0,0.8681,-0.1024,-0.4857,0,0.014,0.7653,-0.004,1]},
{"frame":245,"values":[0.4883,0.0325,0.8721,0,0.0715,0.9945,-0.0771,0,0.8697,-0.1,-0.4833,0,0.0144,0.7717,-0.0032,1]},
{"frame":246,"values":[0.4796,0.0309,0.8769,0,0.071,0.9947,-0.0739,0,0.8746,-0.0977,-0.4749,0,0.0145,0.7791,-0.0026,1]},
{"frame":247,"values":[0.4672,0.0283,0.8837,0,0.0708,0.9951,-0.0693,0,0.8813,-0.095,-0.4629,0,0.0144,0.7869,-0.0023,1]},
{"frame":248,"values":[0.4542,0.0258,0.8905,0,0.0699,0.9955,-0.0645,0,0.8882,-0.0915,-0.4503,0,0.0143,0.7946,-0.0025,1]},
{"frame":249,"values":[0.4433,0.023,0.8961,0,0.0688,0.9958,-0.0596,0,0.8938,-0.0881,-0.4398,0,0.0139,0.8017,-0.0028,1]},
{"frame":250,"values":[0.4344,0.019,0.9005,0,0.0684,0.9962,-0.054,0,0.8981,-0.0851,-0.4314,0,0.0132,0.8082,-0.0033,1]},
{"frame":251,"values":[0.4259,0.0134,0.9047,0,0.0694,0.9965,-0.0474,0,0.9021,-0.0829,-0.4234,0,0.0123,0.8138,-0.0039,1]},
{"frame":252,"values":[0.4162,0.0062,0.9093,0,0.072,0.9966,-0.0397,0,0.9064,-0.082,-0.4143,0,0.0113,0.8178,-0.0044,1]},
{"frame":253,"values":[0.4038,-0.0014,0.9149,0,0.0759,0.9966,-0.032,0,0.9117,-0.0823,-0.4025,0,0.0104,0.8199,-0.0052,1]},
{"frame":254,"values":[0.3887,-0.0072,0.9213,0,0.0819,0.9963,-0.0268,0,0.9177,-0.0859,-0.3879,0,0.0098,0.8201,-0.0063,1]},
{"frame":255,"values":[0.3719,-0.0095,0.9282,0,0.0876,0.9958,-0.0249,0,0.9241,-0.0905,-0.3712,0,0.0095,0.8187,-0.0076,1]},
{"frame":256,"values":[0.3534,-0.0076,0.9354,0,0.0921,0.9954,-0.0267,0,0.9309,-0.0956,-0.3525,0,0.0095,0.8158,-0.0092,1]},
{"frame":257,"values":[0.3332,-0.0025,0.9428,0,0.0954,0.995,-0.0311,0,0.938,-0.1003,-0.3318,0,0.0099,0.8115,-0.0108,1]},
{"frame":258,"values":[0.3045,0.0053,0.9525,0,0.0961,0.9947,-0.0363,0,0.9476,-0.1026,-0.3024,0,0.0105,0.8062,-0.0121,1]},
{"frame":259,"values":[0.2692,0.0157,0.963,0,0.0957,0.9945,-0.043,0,0.9583,-0.1037,-0.2662,0,0.0123,0.7992,-0.0132,1]},
{"frame":260,"values":[0.2301,0.0276,0.9728,0,0.0946,0.9942,-0.0506,0,0.9685,-0.1037,-0.2262,0,0.015,0.7901,-0.0142,1]},
{"frame":261,"values":[0.1907,0.0398,0.9809,0,0.0935,0.9939,-0.0585,0,0.9772,-0.1029,-0.1858,0,0.0174,0.7814,-0.0148,1]},
{"frame":262,"values":[0.1541,0.0508,0.9868,0,0.0927,0.9935,-0.0657,0,0.9837,-0.1016,-0.1484,0,0.019,0.7731,-0.0149,1]},
{"frame":263,"values":[0.1242,0.0587,0.9905,0,0.0929,0.9932,-0.0705,0,0.9879,-0.1008,-0.1179,0,0.0197,0.7656,-0.0146,1]},
{"frame":264,"values":[0.1047,0.0605,0.9927,0,0.0945,0.993,-0.0705,0,0.99,-0.1011,-0.0983,0,0.0195,0.7589,-0.0138,1]},
{"frame":265,"values":[0.0976,0.059,0.9935,0,0.0969,0.9929,-0.0685,0,0.9905,-0.1029,-0.0911,0,0.02,0.7529,-0.013,1]},
{"frame":266,"values":[0.0992,0.0479,0.9939,0,0.1004,0.9933,-0.0579,0,0.99,-0.1055,-0.0937,0,0.0218,0.7472,-0.0121,1]},
{"frame":267,"values":[0.1094,0.032,0.9935,0,0.1038,0.9936,-0.0434,0,0.9886,-0.1079,-0.1053,0,0.0231,0.7449,-0.0114,1]},
{"frame":268,"values":[0.125,0.0163,0.992,0,0.1069,0.9938,-0.0298,0,0.9864,-0.1098,-0.1225,0,0.0248,0.7434,-0.0111,1]},
{"frame":269,"values":[0.1492,-0.0096,0.9888,0,0.1123,0.9936,-0.0073,0,0.9824,-0.1122,-0.1493,0,0.0258,0.7449,-0.01,1]},
{"frame":270,"values":[0.1754,-0.0324,0.984,0,0.1173,0.993,0.0118,0,0.9775,-0.1134,-0.1779,0,0.0276,0.7473,-0.0089,1]},
{"frame":271,"values":[0.2029,-0.0538,0.9777,0,0.1224,0.992,0.0292,0,0.9715,-0.1138,-0.2079,0,0.0292,0.751,-0.0078,1]},
{"frame":272,"values":[0.231,-0.0696,0.9705,0,0.1266,0.9911,0.0409,0,0.9647,-0.1134,-0.2378,0,0.0304,0.756,-0.0074,1]},
{"frame":273,"values":[0.2582,-0.0813,0.9627,0,0.1301,0.9903,0.0487,0,0.9573,-0.1126,-0.2663,0,0.0304,0.7616,-0.0075,1]},
{"frame":274,"values":[0.2838,-0.0899,0.9547,0,0.1329,0.9897,0.0537,0,0.9496,-0.1116,-0.2928,0,0.0293,0.7673,-0.008,1]},
{"frame":275,"values":[0.3064,-0.0955,0.9471,0,0.135,0.9893,0.0561,0,0.9423,-0.1107,-0.316,0,0.0281,0.7735,-0.0083,1]},
{"frame":276,"values":[0.3257,-0.0977,0.9404,0,0.1364,0.9891,0.0555,0,0.9356,-0.1102,-0.3355,0,0.0266,0.78,-0.008,1]},
{"frame":277,"values":[0.3431,-0.0886,0.9351,0,0.1349,0.9899,0.0443,0,0.9296,-0.111,-0.3515,0,0.0247,0.7868,-0.0076,1]},
{"frame":278,"values":[0.3616,-0.0767,0.9292,0,0.1326,0.9907,0.0302,0,0.9229,-0.1123,-0.3684,0,0.0228,0.7937,-0.0069,1]},
{"frame":279,"values":[0.3784,-0.063,0.9235,0,0.1303,0.9914,0.0143,0,0.9164,-0.1149,-0.3833,0,0.0208,0.8005,-0.0063,1]},
{"frame":280,"values":[0.3913,-0.0495,0.9189,0,0.1287,0.9917,-0.0013,0,0.9112,-0.1188,-0.3945,0,0.0185,0.8069,-0.0059,1]},
{"frame":281,"values":[0.3997,-0.0375,0.9159,0,0.1285,0.9916,-0.0155,0,0.9076,-0.1239,-0.4011,0,0.0157,0.8126,-0.0057,1]},
{"frame":282,"values":[0.4049,-0.0271,0.9139,0,0.1295,0.9912,-0.028,0,0.9051,-0.1297,-0.4049,0,0.0128,0.8171,-0.0057,1]},
{"frame":290,"values":[0.4037,0.0022,-0.9149,0,-0.0762,0.9966,-0.0312,0,-0.9117,-0.0823,-0.4025,0,-0.0111,0.8194,-0.0072,1]},
{"frame":291,"values":[0.3886,0.0078,-0.9214,0,-0.0821,0.9963,-0.0262,0,-0.9177,-0.0858,-0.3878,0,-0.0104,0.8195,-0.0083,1]},
{"frame":292,"values":[0.3717,0.0097,-0.9283,0,-0.0876,0.9959,-0.0246,0,-0.9242,-0.0905,-0.371,0,-0.0101,0.818,-0.0096,1]},
{"frame":293,"values":[0.3531,0.0076,-0.9356,0,-0.092,0.9954,-0.0267,0,-0.9311,-0.0955,-0.3522,0,-0.0102,0.815,-0.0111,1]},
{"frame":294,"values":[0.3327,0.0023,-0.943,0,-0.0953,0.995,-0.0312,0,-0.9382,-0.1003,-0.3312,0,-0.0106,0.8106,-0.0127,1]},
{"frame":295,"values":[0.3038,-0.0055,-0.9527,0,-0.0961,0.9947,-0.0364,0,-0.9479,-0.1026,-0.3016,0,-0.0112,0.8053,-0.0141,1]},
{"frame":296,"values":[0.2682,-0.0157,-0.9632,0,-0.0958,0.9945,-0.0429,0,-0.9586,-0.1037,-0.2652,0,-0.013,0.7982,-0.0152,1]},
{"frame":297,"values":[0.2289,-0.0275,-0.9731,0,-0.0947,0.9942,-0.0504,0,-0.9688,-0.1037,-0.225,0,-0.0157,0.789,-0.0162,1]},
{"frame":298,"values":[0.1891,-0.0397,-0.9812,0,-0.0936,0.9939,-0.0582,0,-0.9775,-0.1029,-0.1842,0,-0.0181,0.7802,-0.0168,1]},
{"frame":299,"values":[0.1522,-0.0509,-0.987,0,-0.0928,0.9935,-0.0655,0,-0.984,-0.1016,-0.1465,0,-0.0198,0.7718,-0.0169,1]},
{"frame":300,"values":[0.1217,-0.0599,-0.9908,0,-0.0927,0.9931,-0.0714,0,-0.9882,-0.1005,-0.1153,0,-0.0207,0.7641,-0.0167,1]},
{"frame":301,"values":[0.1007,-0.0644,-0.9928,0,-0.0936,0.9929,-0.0739,0,-0.9905,-0.1004,-0.094,0,-0.0209,0.7565,-0.016,1]},
{"frame":302,"values":[0.0926,-0.0646,-0.9936,0,-0.0957,0.9927,-0.0735,0,-0.9911,-0.1019,-0.0857,0,-0.0215,0.75,-0.0153,1]},
{"frame":303,"values":[0.0961,-0.0493,-0.9942,0,-0.1001,0.9932,-0.0589,0,-0.9903,-0.1052,-0.0905,0,-0.0226,0.7453,-0.0142,1]},
{"frame":304,"values":[0.107,-0.0318,-0.9938,0,-0.104,0.9936,-0.043,0,-0.9888,-0.1079,-0.103,0,-0.0236,0.7434,-0.0134,1]},
{"frame":305,"values":[0.1233,-0.015,-0.9923,0,-0.1074,0.9938,-0.0283,0,-0.9865,-0.11,-0.1209,0,-0.0252,0.7423,-0.013,1]},
{"frame":306,"values":[0.1425,-0.0011,-0.9898,0,-0.1099,0.9938,-0.017,0,-0.9837,-0.1112,-0.1415,0,-0.0281,0.74,-0.0125,1]},
{"frame":307,"values":[0.1667,0.0147,-0.9859,0,-0.113,0.9936,-0.0043,0,-0.9795,-0.1121,-0.1673,0,-0.0306,0.7403,-0.0117,1]},
{"frame":308,"values":[0.1947,0.0373,-0.9802,0,-0.1181,0.9929,0.0144,0,-0.9737,-0.1129,-0.1977,0,-0.0316,0.7438,-0.0106,1]},
{"frame":309,"values":[0.2233,0.0548,-0.9732,0,-0.1223,0.9921,0.0278,0,-0.967,-0.1129,-0.2283,0,-0.0323,0.7488,-0.01,1]},
{"frame":310,"values":[0.2515,0.068,-0.9655,0,-0.1259,0.9914,0.037,0,-0.9596,-0.1122,-0.2579,0,-0.032,0.7548,-0.0101,1]},
{"frame":311,"values":[0.2779,0.0789,-0.9574,0,-0.1292,0.9906,0.0442,0,-0.9519,-0.1114,-0.2855,0,-0.0305,0.7608,-0.0104,1]},
{"frame":312,"values":[0.3012,0.0871,-0.9496,0,-0.132,0.99,0.049,0,-0.9444,-0.1106,-0.3097,0,-0.0289,0.7675,-0.0106,1]},
{"frame":313,"values":[0.3213,0.092,-0.9425,0,-0.1343,0.9896,0.0508,0,-0.9374,-0.1103,-0.3303,0,-0.0271,0.7745,-0.0102,1]},
{"frame":314,"values":[0.3393,0.0857,-0.9368,0,-0.1339,0.9901,0.0421,0,-0.9311,-0.1111,-0.3474,0,-0.025,0.782,-0.0096,1]},
{"frame":315,"values":[0.3585,0.0767,-0.9304,0,-0.1327,0.9907,0.0306,0,-0.9241,-0.1125,-0.3653,0,-0.0229,0.7895,-0.0088,1]},
{"frame":316,"values":[0.3759,0.0658,-0.9243,0,-0.1314,0.9912,0.0171,0,-0.9173,-0.115,-0.3813,0,-0.021,0.797,-0.008,1]},
{"frame":317,"values":[0.3895,0.0549,-0.9194,0,-0.1309,0.9914,0.0037,0,-0.9117,-0.1189,-0.3933,0,-0.0187,0.8041,-0.0075,1]},
{"frame":318,"values":[0.3985,0.045,-0.9161,0,-0.1316,0.9913,-0.0086,0,-0.9077,-0.124,-0.4009,0,-0.0161,0.8104,-0.0072,1]},
{"frame":319,"values":[0.4043,0.0365,-0.9139,0,-0.1334,0.9909,-0.0194,0,-0.9049,-0.1298,-0.4054,0,-0.0134,0.8157,-0.0071,1]},
{"frame":320,"values":[0.4041,0.0277,-0.9143,0,-0.1306,0.991,-0.0277,0,-0.9053,-0.1306,-0.4041,0,-0.0101,0.8202,-0.0091,1]},
{"frame":321,"values":[0.4051,0.0217,-0.914,0,-0.1298,0.9909,-0.0341,0,-0.905,-0.1325,-0.4042,0,-0.0069,0.8231,-0.0109,1]},
{"frame":322,"values":[0.4074,0.0189,-0.9131,0,-0.1307,0.9907,-0.0378,0,-0.9039,-0.1348,-0.406,0,-0.004,0.8244,-0.0125,1]},
{"frame":323,"values":[0.4104,0.0203,-0.9117,0,-0.1331,0.9904,-0.0379,0,-0.9021,-0.1369,-0.4092,0,-0.0016,0.8242,-0.0138,1]},
{"frame":324,"values":[0.4144,0.0255,-0.9097,0,-0.1369,0.99,-0.0346,0,-0.8997,-0.1389,-0.4138,0,0.0002,0.8226,-0.0147,1]},
{"frame":325,"values":[0.42,0.0345,-0.9069,0,-0.1426,0.9894,-0.0284,0,-0.8963,-0.1412,-0.4204,0,0.0013,0.8196,-0.0154,1]},
{"frame":326,"values":[0.4278,0.0458,-0.9027,0,-0.1489,0.9886,-0.0204,0,-0.8915,-0.1432,-0.4297,0,0.0018,0.8151,-0.0159,1]},
{"frame":327,"values":[0.4388,0.0593,-0.8966,0,-0.1543,0.988,-0.0102,0,-0.8852,-0.1429,-0.4427,0,0.0011,0.8079,-0.0162,1]},
{"frame":328,"values":[0.4526,0.0737,-0.8887,0,-0.1585,0.9874,0.0012,0,-0.8775,-0.1403,-0.4585,0,-0.0003,0.7991,-0.0166,1]},
{"frame":329,"values":[0.4654,0.0848,-0.881,0,-0.1602,0.987,0.0103,0,-0.8705,-0.1364,-0.473,0,-0.0013,0.7913,-0.0172,1]},
{"frame":330,"values":[0.4758,0.0926,-0.8747,0,-0.1608,0.9868,0.017,0,-0.8648,-0.1326,-0.4844,0,-0.0011,0.7843,-0.0177,1]},
{"frame":331,"values":[0.4818,0.0975,-0.8708,0,-0.1611,0.9867,0.0213,0,-0.8613,-0.1301,-0.4912,0,-0.0002,0.7779,-0.018,1]},
{"frame":332,"values":[0.484,0.0981,-0.8696,0,-0.1601,0.9868,0.0222,0,-0.8603,-0.1285,-0.4933,0,0.001,0.772,-0.0181,1]},
{"frame":333,"values":[0.4835,0.0926,-0.8704,0,-0.1551,0.9877,0.0189,0,-0.8615,-0.1259,-0.4919,0,0.0015,0.7669,-0.018,1]},
{"frame":334,"values":[0.4824,0.081,-0.8722,0,-0.1447,0.9894,0.0119,0,-0.8639,-0.1205,-0.4891,0,0.0008,0.7627,-0.0177,1]},
{"frame":335,"values":[0.4829,0.0661,-0.8732,0,-0.1312,0.9914,0.0025,0,-0.8658,-0.1133,-0.4874,0,-0.0017,0.7588,-0.017,1]},
{"frame":336,"values":[0.4842,0.0469,-0.8737,0,-0.1169,0.9931,-0.0115,0,-0.8671,-0.1077,-0.4863,0,-0.0041,0.7565,-0.016,1]},
{"frame":337,"values":[0.485,0.0304,-0.874,0,-0.1075,0.9939,-0.0251,0,-0.8679,-0.1062,-0.4853,0,-0.0062,0.7548,-0.0145,1]},
{"frame":338,"values":[0.4845,0.0206,-0.8745,0,-0.1047,0.9939,-0.0346,0,-0.8685,-0.1083,-0.4837,0,-0.0086,0.7524,-0.0127,1]},
{"frame":339,"values":[0.4825,0.0121,-0.8758,0,-0.1031,0.9937,-0.0431,0,-0.8698,-0.1111,-0.4807,0,-0.0103,0.7513,-0.011,1]},
{"frame":340,"values":[0.4814,0.0024,-0.8765,0,-0.099,0.9938,-0.0516,0,-0.8709,-0.1116,-0.4786,0,-0.0119,0.7524,-0.0094,1]},
